latitude,longitude
59.604166669999998,10.300000000000001
59.618697220000001,10.205000000000000
59.633611109999997,10.106944439999999
59.661669439999997,09.921125000000000
59.709722220000003,09.595555556000001
59.922222220000002,09.688888888999999
60.146094439999999,09.800694443999999
60.183333330000004,09.819444444000000
60.306933330000000,09.881438889000000
60.360072219999999,09.908238889000000
60.491666670000001,09.975000000000000
60.729166669999998,10.100000000000000
60.783333329999998,10.226388890000001
60.910544440000002,10.524236110000000
60.924999999999997,10.558333330000000
60.935886109999998,10.862500000000001
60.938888890000001,10.949999999999999
60.877777780000002,11.072222220000000
60.853611110000003,11.261111110000000
60.804166670000001,11.642777779999999
60.797222220000002,11.695833329999999
60.826388889999997,11.745833330000000
60.875000000000000,11.829166669999999
60.815355560000000,12.000000000000000
60.747077779999998,12.194019440000000
60.712499999999999,12.291666670000000
60.500000000000000,12.341666670000000
60.403888889999998,12.339444439999999
60.308333330000004,12.351388890000001
60.223611110000000,12.361111110000000
60.097222219999999,12.261111110000000
60.050336110000003,12.224130560000001
60.018294439999998,12.198924999999999
59.916111110000003,12.118888889999999
59.890555560000003,12.098888890000000
59.886947220000003,12.081947220000000
59.888058330000000,12.062777779999999
59.890000000000001,12.051669440000000
59.895277780000001,12.038055560000000
59.896947220000001,12.026388890000000
59.901666669999997,12.011388889999999
59.902225000000001,11.984444440000001
59.900555560000001,11.973611110000000
59.890555560000003,11.942222220000000
59.876391669999997,11.920280560000000
59.874444439999998,11.912500000000000
59.850558329999998,11.872502780000000
59.842222219999996,11.867502780000001
59.839169439999999,11.867224999999999
59.835002780000003,11.873058329999999
59.830836110000000,11.887225000000001
59.811111109999999,11.928055560000001
59.803336109999996,11.931391670000000
59.800277780000002,11.937777779999999
59.790555560000001,11.943055559999999
59.776947219999997,11.943611110000001
59.761113889999997,11.955280560000000
59.756113890000002,11.955280560000000
59.753333329999997,11.950280559999999
59.747777780000000,11.946669440000001
59.721666669999998,11.948611110000000
59.705002780000001,11.952225000000000
59.698891670000002,11.948888889999999
59.696388890000001,11.945558330000001
59.691111110000001,11.919447220000000
59.685833330000001,11.902222220000001
59.680833329999999,11.896944440000000
59.662780560000002,11.888891670000000
59.659166669999998,11.882780560000000
59.652502779999999,11.866391670000001
59.645000000000003,11.826669440000000
59.640836110000002,11.779169440000000
59.626113889999999,11.744166670000000
59.619725000000003,11.735558330000000
59.607222219999997,11.723333330000001
59.596944440000001,11.718888890000001
59.586666670000000,11.717777780000000
59.569169440000003,11.721113890000000
59.535277780000001,11.735836109999999
59.524444440000003,11.744722220000000
59.515836110000002,11.748058329999999
59.469724999999997,11.781388890000001
59.439444440000003,11.779169440000000
59.417780559999997,11.782222220000000
59.404722219999996,11.799169440000000
59.388333330000002,11.801666669999999
59.362714720000000,11.819166670000000
59.366666670000001,11.794444439999999
59.392499999999998,11.633333329999999
59.419619439999998,11.464113890000000
59.458583330000003,11.218055560000000
59.473611110000000,11.122222219999999
59.541866669999997,10.697222220000000
59.554722220000002,10.612500000000001
59.588641670000001,10.399850000000001