latitude,longitude,elevation
45.444719200,-75.640277800,89.7
45.444696200,-75.639034800,89.3
45.444627300,-75.637795200,87.4
45.444512600,-75.636562600,85.8
45.444352600,-75.635340500,89.2
45.444147600,-75.634132000,91.4
45.443898300,-75.632940700,87.0
45.443605400,-75.631770000,86.0
45.443269800,-75.630622900,87.1
45.442892300,-75.629502800,87.9
45.442474100,-75.628412600,87.7
45.442016300,-75.627355400,86.9
45.441520400,-75.626334100,85.9
45.440987600,-75.625351400,84.6
45.440419600,-75.624410100,83.9
45.439817700,-75.623512600,82.8
45.439183900,-75.622661400,81.6
45.438519900,-75.621858800,80.0
45.437827300,-75.621106800,79.7
45.437108400,-75.620407600,78.9
45.436364800,-75.619762900,78.0
45.435598900,-75.619174600,76.4
45.434812500,-75.618643900,76.3
45.434007900,-75.618172500,76.9
45.433187300,-75.617761500,76.9
45.432352800,-75.617411900,75.9
45.431506800,-75.617124800,75.7
45.430651500,-75.616900700,74.9
45.429789200,-75.616740400,74.0
45.428922300,-75.616644200,73.7
45.428053100,-75.616612300,72.9
45.427183900,-75.616644900,71.9
45.426317000,-75.616741800,71.0
45.425454800,-75.616902900,69.9
45.424599600,-75.617127600,69.9
45.423753700,-75.617415400,69.5
45.422919400,-75.617765500,65.9
45.422098900,-75.618177100,67.9
45.421294500,-75.618649100,69.9
45.420508400,-75.619180100,71.4
45.419742600,-75.619769000,72.7
45.418999300,-75.620414000,72.9
45.418280600,-75.621113400,71.8
45.417588300,-75.621865600,70.7
45.416924500,-75.622668300,69.7
45.416290900,-75.623519600,68.7
45.415689300,-75.624417000,67.2
45.415121500,-75.625358200,66.8
45.414589000,-75.626340700,66.9
45.414093300,-75.627361800,66.8
45.413635800,-75.628418600,68.0
45.413217800,-75.629508400,69.3
45.412840500,-75.630628100,69.9
45.412505000,-75.631774600,69.9
45.412212300,-75.632944900,69.9
45.411963100,-75.634135500,69.9
45.411758300,-75.635343300,69.9
45.411598300,-75.636564800,69.4
45.411483700,-75.637796700,67.5
45.411414900,-75.639035500,68.5
45.411391900,-75.640277800,69.9
45.411414900,-75.641520100,69.9
45.411483700,-75.642758900,69.9
45.411598300,-75.643990800,69.7
45.411758300,-75.645212300,68.9
45.411963100,-75.646420000,69.0
45.412212300,-75.647610700,68.4
45.412505000,-75.648780900,67.2
45.412840500,-75.649927500,66.9
45.413217800,-75.651047100,66.9
45.413635800,-75.652136900,66.9
45.414093300,-75.653193800,66.9
45.414589000,-75.654214800,66.8
45.415121500,-75.655197400,68.7
45.415689300,-75.656138500,68.9
45.416290900,-75.657036000,67.1
45.416924400,-75.657887200,63.9
45.417588300,-75.658690000,63.1
45.418280500,-75.659442100,61.9
45.418999300,-75.660141600,62.9
45.419742600,-75.660786600,61.9
45.420508400,-75.661375400,61.9
45.421294500,-75.661906500,60.9
45.422098900,-75.662378400,60.9
45.422919400,-75.662790000,59.9
45.423753700,-75.663140200,58.9
45.424599600,-75.663428000,58.9
45.425454800,-75.663652700,56.9
45.426317000,-75.663813700,57.9
45.427183900,-75.663910600,58.7
45.428053100,-75.663943200,58.7
45.428922300,-75.663911400,58.8
45.429789200,-75.663815200,58.9
45.430651500,-75.663654800,59.2
45.431506800,-75.663430800,59.3
45.432352800,-75.663143600,59.9
45.433187300,-75.662794100,59.9
45.434007900,-75.662383100,59.9
45.434812500,-75.661911700,59.9
45.435598900,-75.661381000,59.9
45.436364800,-75.660792600,59.9
45.437108400,-75.660147900,59.9
45.437827300,-75.659448700,59.9
45.438519900,-75.658696700,58.9
45.439183900,-75.657894200,59.6
45.439817700,-75.657043000,59.9
45.440419500,-75.656145500,60.9
45.440987600,-75.655204100,62.8
45.441520400,-75.654221400,64.1
45.442016400,-75.653200100,64.1
45.442474100,-75.652143000,64.9
45.442892300,-75.651052800,66.6
45.443269800,-75.649932600,67.9
45.443605400,-75.648785600,70.9
45.443898300,-75.647614800,81.1
45.444147600,-75.646423500,82.9
45.444352600,-75.645215100,86.0
45.444512600,-75.643993000,89.5
45.444627300,-75.642760300,85.4
45.444696200,-75.641520800,85.8
45.444719200,-75.640277800,89.7
45.461382700,-75.640277800,53.2
45.461336700,-75.637791000,51.9
45.461198900,-75.635311200,53.0
45.460969500,-75.632845400,54.5
45.460649400,-75.630400200,56.0
45.460239300,-75.627982700,56.7
45.459740600,-75.625599600,57.9
45.459154700,-75.623257600,57.7
45.458483100,-75.620962900,58.9
45.457728000,-75.618722200,68.1
45.456891300,-75.616541400,70.1
45.455975600,-75.614426600,90.4
45.454983500,-75.612383800,82.9
45.453917700,-75.610418300,82.3
45.452781300,-75.608535500,79.1
45.451577500,-75.606740400,87.1
45.450309600,-75.605038100,89.3
45.448981100,-75.603432900,87.2
45.447595900,-75.601929300,88.4
45.446157700,-75.600531100,88.0
45.444670400,-75.599242100,83.4
45.443138300,-75.598065700,77.6
45.441565400,-75.597004900,68.9
45.439956000,-75.596062500,71.7
45.438314600,-75.595241100,71.9
45.436645500,-75.594542600,69.1
45.434953300,-75.593968900,68.0
45.433242700,-75.593521500,70.9
45.431518100,-75.593201600,70.0
45.429784300,-75.593009900,60.1
45.428045700,-75.592946900,69.3
45.426307400,-75.593012800,65.4
45.424573600,-75.593207400,64.0
45.422849300,-75.593530100,61.5
45.421139000,-75.593980200,59.9
45.419447300,-75.594556400,61.9
45.417778800,-75.595257400,63.3
45.416138000,-75.596081100,55.8
45.414529400,-75.597025500,54.7
45.412957300,-75.598088100,59.9
45.411425900,-75.599266200,63.6
45.409939600,-75.600556500,61.4
45.408502300,-75.601955700,60.9
45.407118000,-75.603460100,59.8
45.405790600,-75.605065700,61.9
45.404523700,-75.606768300,63.9
45.403320900,-75.608563100,64.9
45.402185500,-75.610445500,66.9
45.401120700,-75.612410200,67.9
45.400129500,-75.614452100,68.9
45.399214700,-75.616565500,70.6
45.398378900,-75.618744700,70.9
45.397624600,-75.620983600,69.9
45.396953800,-75.623276200,71.1
45.396368500,-75.625616000,73.9
45.395870300,-75.627996700,75.9
45.395460700,-75.630411600,76.9
45.395140900,-75.632853900,77.9
45.394911800,-75.635317000,77.9
45.394774100,-75.637793900,78.9
45.394728200,-75.640277800,80.9
45.394774100,-75.642761600,82.3
45.394911800,-75.645238500,83.9
45.395140900,-75.647701700,84.9
45.395460700,-75.650144000,85.9
45.395870300,-75.652558900,83.4
45.396368400,-75.654939500,80.9
45.396953800,-75.657279400,80.0
45.397624600,-75.659571900,82.0
45.398379000,-75.661810900,77.6
45.399214700,-75.663990000,73.4
45.400129500,-75.666103500,66.7
45.401120700,-75.668145300,60.5
45.402185500,-75.670110000,59.9
45.403320900,-75.671992500,62.1
45.404523700,-75.673787300,62.0
45.405790600,-75.675489800,63.3
45.407118100,-75.677095400,62.9
45.408502300,-75.678599800,64.9
45.409939600,-75.679999100,69.3
45.411425900,-75.681289400,71.9
45.412957300,-75.682467400,65.8
45.414529400,-75.683530100,65.8
45.416138000,-75.684474400,71.6
45.417778800,-75.685298200,71.9
45.419447300,-75.685999100,68.1
45.421139000,-75.686575300,59.4
45.422849300,-75.687025500,71.5
45.424573600,-75.687348200,70.6
45.426307400,-75.687542800,68.4
45.428045700,-75.687608700,63.7
45.429784300,-75.687545700,60.7
45.431518100,-75.687354000,59.8
45.433242700,-75.687034000,59.8
45.434953300,-75.686586600,58.4
45.436645500,-75.686013000,54.1
45.438314600,-75.685314500,51.7
45.439956000,-75.684493000,53.4
45.441565400,-75.683550600,60.1
45.443138300,-75.682489900,66.6
45.444670400,-75.681313400,66.7
45.446157700,-75.680024400,70.1
45.447595900,-75.678626300,68.9
45.448981200,-75.677122600,71.9
45.450309600,-75.675517500,72.6
45.451577400,-75.673815100,59.6
45.452781300,-75.672020100,51.5
45.453917700,-75.670137300,46.3
45.454983500,-75.668171800,51.9
45.455975700,-75.666128900,52.9
45.456891400,-75.664014100,53.1
45.457727900,-75.661833400,53.6
45.458483100,-75.659592600,54.2
45.459154600,-75.657298000,54.9
45.459740600,-75.654955900,53.6
45.460239300,-75.652572800,52.9
45.460649400,-75.650155400,51.9
45.460969500,-75.647710200,52.2
45.461198900,-75.645244300,52.4
45.461336700,-75.642764600,52.3
45.461382700,-75.640277800,53.2
45.478046300,-75.640277800,44.9
45.477977200,-75.636546500,45.9
45.477770400,-75.632825800,45.9
45.477426300,-75.629125900,45.9
45.476945900,-75.625457200,45.8
45.476330600,-75.621830000,45.0
45.475582400,-75.618254400,46.3
45.474703200,-75.614740400,48.9
45.473695600,-75.611297700,48.9
45.472562600,-75.607935900,48.9
45.471307300,-75.604664200,48.9
45.469933500,-75.601491600,47.8
45.468444900,-75.598426900,48.9
45.466845900,-75.595478300,48.9
45.465140900,-75.592653900,50.4
45.463334700,-75.589961400,49.0
45.461432500,-75.587407900,50.3
45.459439400,-75.585000300,53.9
45.457361200,-75.582745100,53.2
45.455203600,-75.580648300,50.8
45.452972300,-75.578715200,46.0
45.450673800,-75.576951200,69.9
45.448314100,-75.575360700,70.0
45.445899800,-75.573948000,76.0
45.443437400,-75.572716600,81.0
45.440933600,-75.571669800,83.7
45.438395300,-75.570810300,82.9
45.435829100,-75.570140200,80.5
45.433242200,-75.569661300,77.9
45.430641300,-75.569374800,75.9
45.428033500,-75.569281400,73.3
45.425425900,-75.569381400,71.9
45.422825400,-75.569674300,57.1
45.420239000,-75.570159500,68.9
45.417673700,-75.570835700,69.9
45.415136300,-75.571701000,67.9
45.412633800,-75.572753300,65.9
45.410172800,-75.573989800,66.9
45.407760200,-75.575407100,80.9
45.405402300,-75.577001700,79.4
45.403105600,-75.578769400,69.1
45.400876400,-75.580705300,66.7
45.398720800,-75.582804600,62.9
45.396644800,-75.585061500,68.0
45.394654100,-75.587470100,74.0
45.392754100,-75.590023900,73.6
45.390950200,-75.592716200,65.9
45.389247500,-75.595539500,67.9
45.387650700,-75.598486400,69.7
45.386164200,-75.601548800,70.9
45.384792400,-75.604718400,73.1
45.383539100,-75.607986600,79.9
45.382407800,-75.611344300,79.9
45.381401900,-75.614782300,80.9
45.380524100,-75.618291300,81.9
45.379777100,-75.621861400,81.9
45.379162900,-75.625482600,81.9
45.378683400,-75.629145200,82.9
45.378339800,-75.632838800,84.8
45.378133300,-75.636553100,85.9
45.378064400,-75.640277800,87.2
45.378133300,-75.644002500,88.3
45.378339800,-75.647716700,89.8
45.378683400,-75.651410400,89.9
45.379162900,-75.655072900,92.8
45.379777100,-75.658694200,98.8
45.380524100,-75.662264300,97.4
45.381401900,-75.665773200,91.8
45.382407800,-75.669211300,81.2
45.383539100,-75.672569000,73.5
45.384792400,-75.675837100,68.9
45.386164200,-75.679006700,61.8
45.387650700,-75.682069200,54.1
45.389247500,-75.685016100,59.7
45.390950200,-75.687839400,62.8
45.392754100,-75.690531600,61.4
45.394654100,-75.693085400,67.1
45.396644800,-75.695494000,69.7
45.398720900,-75.697751000,70.9
45.400876400,-75.699850200,79.0
45.403105600,-75.701786200,78.7
45.405402300,-75.703553800,76.7
45.407760200,-75.705148500,76.9
45.410172800,-75.706565800,79.9
45.412633800,-75.707802200,80.9
45.415136300,-75.708854500,72.2
45.417673700,-75.709719900,67.0
45.420239000,-75.710396000,48.9
45.422825400,-75.710881300,48.9
45.425425900,-75.711174200,50.6
45.428033500,-75.711274100,58.0
45.430641300,-75.711180700,53.0
45.433242100,-75.710894200,49.4
45.435829100,-75.710415400,50.9
45.438395300,-75.709745300,54.9
45.440933600,-75.708885800,51.6
45.443437400,-75.707839000,48.9
45.445899800,-75.706607600,48.9
45.448314100,-75.705194900,48.9
45.450673700,-75.703604400,47.9
45.452972300,-75.701840300,47.9
45.455203500,-75.699907300,48.9
45.457361200,-75.697810400,47.9
45.459439400,-75.695555200,49.4
45.461432500,-75.693147700,48.9
45.463334700,-75.690594200,48.9
45.465140900,-75.687901700,48.9
45.466845900,-75.685077200,48.9
45.468444900,-75.682128700,48.9
45.469933500,-75.679064000,48.6
45.471307300,-75.675891400,46.9
45.472562600,-75.672619700,48.9
45.473695600,-75.669257900,48.9
45.474703200,-75.665815100,44.9
45.475582400,-75.662301100,45.2
45.476330700,-75.658725500,46.2
45.476945900,-75.655098400,49.9
45.477426200,-75.651429700,47.9
45.477770400,-75.647729800,46.8
45.477977200,-75.644009100,45.9
45.478046300,-75.640277800,44.9
45.494709700,-75.640277800,61.3
45.494617700,-75.635301400,60.9
45.494341800,-75.630338800,54.8
45.493882800,-75.625404200,57.9
45.493242100,-75.620511300,58.9
45.492421600,-75.615673800,56.3
45.491423600,-75.610905100,55.9
45.490251000,-75.606218600,58.9
45.488907300,-75.601627300,54.9
45.487396200,-75.597144000,48.9
45.485722100,-75.592780900,47.9
45.483889800,-75.588550100,45.9
45.481904600,-75.584463300,46.8
45.479772000,-75.580531500,48.9
45.477498200,-75.576765500,48.9
45.475089500,-75.573175300,48.9
45.472552600,-75.569770700,48.3
45.469894800,-75.566560900,49.9
45.467123300,-75.563554300,54.6
45.464245900,-75.560759000,55.9
45.461270500,-75.558182300,60.6
45.458205300,-75.555831100,84.8
45.455058700,-75.553711400,87.8
45.451839300,-75.551828700,88.6
45.448555800,-75.550188100,87.2
45.445217200,-75.548793500,85.1
45.441832500,-75.547648800,82.9
45.438410800,-75.546756800,80.9
45.434961300,-75.546119600,79.0
45.431493400,-75.545739100,73.8
45.428016400,-75.545616000,70.0
45.424539600,-75.545750700,65.9
45.421072300,-75.546142700,66.6
45.417623900,-75.546791000,69.9
45.414203700,-75.547693900,67.6
45.410820800,-75.548849000,70.5
45.407484400,-75.550253300,80.5
45.404203400,-75.551903000,75.6
45.400986900,-75.553793900,69.6
45.397843400,-75.555921000,66.9
45.394781600,-75.558278500,68.7
45.391809800,-75.560860600,74.7
45.388936100,-75.563660100,79.3
45.386168600,-75.566669600,64.6
45.383514800,-75.569881400,66.9
45.380982000,-75.573286500,67.9
45.378577400,-75.576876100,70.2
45.376307600,-75.580640300,82.9
45.374178900,-75.584569200,83.3
45.372197500,-75.588651900,81.9
45.370368800,-75.592877300,82.9
45.368698200,-75.597234100,85.2
45.367190200,-75.601710100,86.8
45.365849300,-75.606293100,86.9
45.364679300,-75.610970600,87.9
45.363683500,-75.615729500,88.9
45.362864800,-75.620556600,88.9
45.362225600,-75.625438600,88.9
45.361767700,-75.630362000,88.9
45.361492400,-75.635313000,88.3
45.361400600,-75.640277800,87.8
45.361492400,-75.645242600,85.9
45.361767700,-75.650193600,83.9
45.362225600,-75.655116900,80.9
45.362864800,-75.659999000,79.0
45.363683500,-75.664826100,79.3
45.364679300,-75.669585000,80.9
45.365849300,-75.674262500,82.0
45.367190200,-75.678845500,79.8
45.368698200,-75.683321500,73.9
45.370368800,-75.687678200,78.7
45.372197500,-75.691903700,80.6
45.374178900,-75.695986400,78.0
45.376307600,-75.699915200,58.9
45.378577400,-75.703679500,71.6
45.380982000,-75.707269000,74.8
45.383514800,-75.710674200,74.7
45.386168700,-75.713885900,77.6
45.388936200,-75.716895500,79.9
45.391809800,-75.719695000,78.7
45.394781600,-75.722277000,73.8
45.397843400,-75.724634600,70.0
45.400986900,-75.726761700,64.9
45.404203400,-75.728652500,60.9
45.407484400,-75.730302300,60.6
45.410820800,-75.731706500,50.5
45.414203700,-75.732861600,53.0
45.417623900,-75.733764500,48.9
45.421072300,-75.734412800,68.8
45.424539600,-75.734804900,68.2
45.428016400,-75.734939500,63.6
45.431493400,-75.734816500,68.1
45.434961300,-75.734435900,70.6
45.438410800,-75.733798800,71.1
45.441832500,-75.732906700,66.9
45.445217100,-75.731762000,65.3
45.448555800,-75.730367500,57.5
45.451839200,-75.728726800,50.9
45.455058700,-75.726844200,49.9
45.458205300,-75.724724500,47.9
45.461270500,-75.722373200,48.9
45.464245900,-75.719796500,47.9
45.467123300,-75.717001200,48.9
45.469894800,-75.713994700,50.9
45.472552600,-75.710784800,51.3
45.475089500,-75.707380300,52.9
45.477498200,-75.703790100,53.9
45.479772000,-75.700024100,54.9
45.481904600,-75.696092300,53.9
45.483889800,-75.692005400,52.9
45.485722100,-75.687774600,53.9
45.487396200,-75.683411600,55.9
45.488907200,-75.678928300,58.6
45.490251000,-75.674337000,56.9
45.491423600,-75.669650500,57.9
45.492421600,-75.664881800,62.5
45.493242100,-75.660044300,61.7
45.493882800,-75.655151400,58.9
45.494341800,-75.650216700,61.7
45.494617700,-75.645254200,66.8
45.494709700,-75.640277800,61.3
45.511373200,-75.640277800,100.9
45.511258100,-75.634055400,89.2
45.510913100,-75.627850500,79.9
45.510339200,-75.621680500,61.6
45.509538100,-75.615562600,77.6
45.508512200,-75.609514000,63.6
45.507264300,-75.603551600,58.9
45.505798200,-75.597692100,51.9
45.504118100,-75.591951800,52.9
45.502228700,-75.586346400,53.9
45.500135500,-75.580891600,49.5
45.497844600,-75.575602300,47.7
45.495362500,-75.570493100,48.6
45.492696200,-75.565577900,43.9
45.489853300,-75.560870000,44.1
45.486841700,-75.556382300,48.2
45.483670100,-75.552126700,48.9
45.480347100,-75.548114700,49.9
45.476882200,-75.544356900,49.9
45.473284800,-75.540863400,53.9
45.469565000,-75.537643400,56.9
45.465733000,-75.534705400,68.0
45.461799200,-75.532056900,79.9
45.457774500,-75.529704900,82.9
45.453669700,-75.527655400,84.9
45.449496100,-75.525913800,88.0
45.445264900,-75.524484500,87.9
45.440987600,-75.523371200,85.7
45.436675600,-75.522576500,82.9
45.432340600,-75.522102600,79.9
45.427994400,-75.521950600,75.2
45.423648400,-75.522120800,67.9
45.419314400,-75.522612600,68.9
45.415004000,-75.523424800,69.9
45.410729000,-75.524555100,68.9
45.406500700,-75.526000500,73.6
45.402330500,-75.527757400,69.2
45.398229700,-75.529820900,67.9
45.394209500,-75.532185800,70.1
45.390280600,-75.534845800,74.0
45.386453900,-75.537793800,65.9
45.382739700,-75.541022100,66.9
45.379148300,-75.544522100,66.9
45.375689500,-75.548284600,80.6
45.372372800,-75.552299500,79.9
45.369207500,-75.556556000,82.3
45.366202300,-75.561042900,75.8
45.363365600,-75.565747900,80.0
45.360705400,-75.570658600,82.6
45.358229200,-75.575761300,84.0
45.355944000,-75.581042200,86.7
45.353856200,-75.586487200,89.0
45.351971800,-75.592081100,91.9
45.350296100,-75.597808600,92.9
45.348834000,-75.603654000,90.9
45.347589600,-75.609601100,91.9
45.346566500,-75.615633400,93.9
45.345767700,-75.621734200,94.9
45.345195500,-75.627886700,92.9
45.344851500,-75.634073600,92.9
45.344736700,-75.640277800,94.3
45.344851500,-75.646482000,96.9
45.345195500,-75.652668900,97.3
45.345767700,-75.658821300,94.9
45.346566500,-75.664922100,95.4
45.347589600,-75.670954500,96.9
45.348834000,-75.676901500,100.9
45.350296100,-75.682746900,97.5
45.351971800,-75.688474500,90.9
45.353856200,-75.694068400,84.6
45.355944000,-75.699513300,66.2
45.358229200,-75.704794300,83.7
45.360705400,-75.709897000,85.9
45.363365600,-75.714807600,84.9
45.366202300,-75.719512600,83.9
45.369207500,-75.723999500,83.9
45.372372800,-75.728256100,86.4
45.375689500,-75.732271000,90.0
45.379148300,-75.736033400,79.6
45.382739700,-75.739533400,75.1
45.386453900,-75.742761700,75.9
45.390280600,-75.745709800,73.4
45.394209500,-75.748369800,67.0
45.398229700,-75.750734600,61.3
45.402330500,-75.752798200,56.9
45.406500700,-75.754555000,54.3
45.410729000,-75.756000500,52.9
45.415004100,-75.757130800,52.9
45.419314400,-75.757943000,63.6
45.423648400,-75.758434800,70.8
45.427994400,-75.758604900,66.4
45.432340600,-75.758452900,67.2
45.436675600,-75.757979000,70.6
45.440987600,-75.757184400,86.3
45.445264900,-75.756071000,86.4
45.449496100,-75.754641700,89.8
45.453669700,-75.752900200,87.2
45.457774500,-75.750850700,77.0
45.461799200,-75.748498700,59.1
45.465733000,-75.745850200,56.9
45.469565000,-75.742912100,54.0
45.473284800,-75.739692100,51.6
45.476882200,-75.736198600,46.3
45.480347200,-75.732440900,53.7
45.483670100,-75.728428900,83.5
45.486841700,-75.724173300,69.4
45.489853200,-75.719685600,59.9
45.492696200,-75.714977700,62.6
45.495362500,-75.710062400,63.2
45.497844600,-75.704953300,71.3
45.500135600,-75.699663900,80.0
45.502228700,-75.694209100,96.1
45.504118000,-75.688603800,103.0
45.505798200,-75.682863400,95.1
45.507264300,-75.677003900,95.2
45.508512200,-75.671041500,98.8
45.509538100,-75.664993000,100.9
45.510339200,-75.658875100,101.9
45.510913100,-75.652705100,104.0
45.511258100,-75.646500100,105.9
45.511373200,-75.640277800,100.9
45.528036600,-75.640277800,101.9
45.527898400,-75.632808700,92.3
45.527484300,-75.625360600,72.9
45.526795400,-75.617954400,78.9
45.525833900,-75.610611000,59.4
45.524602400,-75.603350800,69.9
45.523104500,-75.596194100,79.9
45.521344700,-75.589161000,79.7
45.519328000,-75.582271000,69.5
45.517060100,-75.575543200,65.0
45.514547700,-75.568996200,59.9
45.511798000,-75.562648100,58.9
45.508818700,-75.556516200,52.1
45.505618400,-75.550617500,48.1
45.502206200,-75.544967700,45.0
45.498591500,-75.539582300,44.0
45.494784800,-75.534475700,49.1
45.490796500,-75.529661600,44.6
45.486637800,-75.525152900,49.5
45.482320300,-75.520961600,57.7
45.477855900,-75.517098500,65.8
45.473256800,-75.513574000,81.9
45.468535700,-75.510397200,80.8
45.463705400,-75.507576300,80.5
45.458779300,-75.505118700,85.1
45.453770500,-75.503030700,85.1
45.448692800,-75.501317500,87.1
45.443559600,-75.499983400,87.4
45.438385100,-75.499032000,88.7
45.433183000,-75.498465500,87.5
45.427967500,-75.498285200,83.9
45.422752300,-75.498491600,71.4
45.417551700,-75.499083900,67.6
45.412379500,-75.500060600,67.9
45.407249600,-75.501419000,70.1
45.402176000,-75.503155500,68.3
45.397172200,-75.505265500,68.9
45.392251700,-75.507743500,68.9
45.387428000,-75.510582900,68.9
45.382714000,-75.513776200,69.9
45.378122500,-75.517315100,69.0
45.373666200,-75.521189900,70.2
45.369357200,-75.525390800,79.9
45.365207400,-75.529906300,79.9
45.361228000,-75.534724600,80.9
45.357430400,-75.539832600,78.9
45.353825000,-75.545216600,80.6
45.350421700,-75.550862400,81.9
45.347230300,-75.556754400,83.9
45.344259500,-75.562876900,85.9
45.341517900,-75.569213100,87.1
45.339013200,-75.575745900,87.9
45.336752500,-75.582457200,88.9
45.334742200,-75.589328700,90.6
45.332988100,-75.596341500,103.9
45.331495300,-75.603476100,98.9
45.330267900,-75.610713000,99.9
45.329309600,-75.618032000,99.9
45.328623200,-75.625412800,99.9
45.328210500,-75.632834900,97.6
45.328072800,-75.640277800,100.4
45.328210500,-75.647720600,100.3
45.328623200,-75.655142700,112.4
45.329309600,-75.662523600,108.5
45.330267900,-75.669842600,110.9
45.331495300,-75.677079400,107.9
45.332988100,-75.684214100,103.3
45.334742200,-75.691226900,99.7
45.336752500,-75.698098400,72.5
45.339013200,-75.704809600,89.9
45.341517900,-75.711342400,86.9
45.344259600,-75.717678700,80.9
45.347230300,-75.723801100,87.8
45.350421700,-75.729693200,97.9
45.353825000,-75.735338900,96.8
45.357430400,-75.740723000,95.9
45.361228100,-75.745831000,93.5
45.365207300,-75.750649200,91.1
45.369357200,-75.755164800,84.8
45.373666200,-75.759365600,80.9
45.378122500,-75.763240500,74.9
45.382714000,-75.766779300,64.3
45.387428000,-75.769972600,52.9
45.392251700,-75.772812000,52.9
45.397172200,-75.775290000,52.9
45.402176000,-75.777400000,55.9
45.407249600,-75.779136500,66.6
45.412379500,-75.780495000,74.9
45.417551700,-75.781471600,80.7
45.422752300,-75.782064000,90.1
45.427967500,-75.782270300,85.4
45.433183000,-75.782090100,90.2
45.438385100,-75.781523600,91.4
45.443559600,-75.780572100,97.2
45.448692800,-75.779238100,123.4
45.453770500,-75.777524900,140.1
45.458779300,-75.775436800,112.6
45.463705400,-75.772979200,101.9
45.468535700,-75.770158300,80.5
45.473256800,-75.766981500,96.0
45.477855900,-75.763457000,62.8
45.482320300,-75.759594000,77.2
45.486637800,-75.755402600,88.3
45.490796500,-75.750894000,47.5
45.494784800,-75.746079800,72.2
45.498591500,-75.740973300,68.7
45.502206100,-75.735587900,78.5
45.505618400,-75.729938100,87.5
45.508818700,-75.724039300,100.4
45.511798000,-75.717907400,99.9
45.514547700,-75.711559400,101.4
45.517060200,-75.705012300,105.8
45.519328000,-75.698284500,109.1
45.521344700,-75.691394600,101.5
45.523104600,-75.684361400,100.1
45.524602400,-75.677204800,105.0
45.525833900,-75.669944600,103.4
45.526795400,-75.662601100,101.9
45.527484300,-75.655194900,100.9
45.527898400,-75.647746800,102.9
45.528036600,-75.640277800,101.9
45.544699900,-75.640277800,86.9
45.544538600,-75.631561300,95.9
45.544055400,-75.622869400,99.8
45.543251500,-75.614226400,101.2
45.542129300,-75.605656500,114.1
45.540692200,-75.597184100,113.0
45.538944200,-75.588832400,104.8
45.536890600,-75.580625200,95.1
45.534537100,-75.572585000,87.7
45.531890600,-75.564734300,78.9
45.528958700,-75.557094800,79.9
45.525749800,-75.549687500,78.6
45.522273100,-75.542532700,55.9
45.518538600,-75.535650100,53.9
45.514556700,-75.529058300,50.9
45.510338800,-75.522775300,46.1
45.505896700,-75.516817700,45.9
45.501242900,-75.511201800,45.0
45.496390200,-75.505942300,43.7
45.491352300,-75.501053300,46.6
45.486142900,-75.496547600,58.4
45.480776600,-75.492437100,86.1
45.475268000,-75.488732400,84.9
45.469632100,-75.485443200,87.9
45.463884400,-75.482578000,89.9
45.458040300,-75.480144000,89.9
45.452115800,-75.478147600,88.9
45.446127000,-75.476593600,87.8
45.440089700,-75.475486100,85.9
45.434020600,-75.474827600,84.9
45.427935600,-75.474619900,83.9
45.421851300,-75.474863100,83.7
45.415784000,-75.475556700,66.9
45.409750100,-75.476698600,66.9
45.403765600,-75.478285800,68.9
45.397846800,-75.480314000,69.0
45.392009500,-75.482777800,68.9
45.386269500,-75.485670800,67.9
45.380642400,-75.488985200,72.1
45.375143400,-75.492712300,63.9
45.369787500,-75.496842300,74.6
45.364589200,-75.501364200,79.7
45.359562900,-75.506266100,79.9
45.354722300,-75.511534800,79.4
45.350080600,-75.517156500,78.9
45.345650900,-75.523115900,81.1
45.341445500,-75.529397200,82.9
45.337475900,-75.535983500,82.9
45.333753400,-75.542856900,81.9
45.330288300,-75.549999000,82.9
45.327090600,-75.557390100,82.9
45.324169100,-75.565010100,83.9
45.321532300,-75.572838500,85.9
45.319187600,-75.580853400,86.9
45.317141800,-75.589033000,89.6
45.315400600,-75.597354600,87.9
45.313969100,-75.605795300,90.1
45.312851400,-75.614331800,92.9
45.312050800,-75.622940300,96.9
45.311569400,-75.631597000,104.5
45.311408800,-75.640277800,104.7
45.311569400,-75.648958600,104.8
45.312050800,-75.657615300,107.9
45.312851400,-75.666223800,111.9
45.313969100,-75.674760300,111.8
45.315400600,-75.683200900,99.8
45.317141800,-75.691522600,93.9
45.319187600,-75.699702200,80.6
45.321532300,-75.707717100,89.9
45.324169100,-75.715545400,90.9
45.327090600,-75.723165500,90.9
45.330288300,-75.730556600,84.2
45.333753400,-75.737698600,83.9
45.337475900,-75.744572000,84.6
45.341445400,-75.751158300,83.9
45.345650900,-75.757439600,84.9
45.350080600,-75.763399100,81.9
45.354722200,-75.769020700,76.4
45.359562900,-75.774289500,70.9
45.364589200,-75.779191300,69.6
45.369787500,-75.783713300,67.7
45.375143500,-75.787843300,52.9
45.380642400,-75.791570400,52.9
45.386269500,-75.794884800,52.9
45.392009500,-75.797777700,73.8
45.397846800,-75.800241600,81.0
45.403765600,-75.802269800,90.7
45.409750100,-75.803856900,96.7
45.415784000,-75.804998800,102.9
45.421851300,-75.805692400,109.2
45.427935600,-75.805935700,102.5
45.434020600,-75.805727900,102.4
45.440089700,-75.805069500,103.8
45.446127000,-75.803961900,105.9
45.452115800,-75.802408000,108.0
45.458040300,-75.800411500,119.6
45.463884400,-75.797977500,125.9
45.469632100,-75.795112300,141.3
45.475268000,-75.791823100,109.9
45.480776600,-75.788118500,100.9
45.486142900,-75.784008000,100.9
45.491352300,-75.779502300,62.9
45.496390200,-75.774613200,102.9
45.501242900,-75.769353800,72.7
45.505896700,-75.763737800,78.0
45.510338800,-75.757780300,104.3
45.514556700,-75.751497200,108.8
45.518538600,-75.744905400,110.2
45.522273200,-75.738022800,114.1
45.525749800,-75.730868000,111.3
45.528958700,-75.723460800,117.9
45.531890500,-75.715821300,119.5
45.534537000,-75.707970600,128.7
45.536890500,-75.699930400,124.9
45.538944300,-75.691723100,120.9
45.540692200,-75.683371500,121.8
45.542129300,-75.674899000,100.0
45.543251500,-75.666329200,104.3
45.544055400,-75.657686100,102.0
45.544538600,-75.648994300,99.9
45.544699900,-75.640277800,86.9
45.561363200,-75.640277800,119.0
45.561178800,-75.630313200,134.1
45.560626400,-75.620376600,122.9
45.559707400,-75.610496100,126.5
45.558424600,-75.600699300,120.6
45.556781700,-75.591013800,116.0
45.554783400,-75.581466600,134.0
45.552435700,-75.572084600,121.4
45.549745300,-75.562893800,116.6
45.546719900,-75.553919700,107.9
45.543368300,-75.545187300,101.5
45.539700100,-75.536720500,86.9
45.535725900,-75.528542600,80.1
45.531456800,-75.520676000,74.0
45.526905100,-75.513142100,56.2
45.522083600,-75.505961300,53.9
45.517005900,-75.499152800,50.0
45.511686200,-75.492735100,43.7
45.506139400,-75.486725100,42.9
45.500380800,-75.481138700,45.1
45.494426400,-75.475990700,56.8
45.488292600,-75.471294500,62.6
45.481996200,-75.467062500,84.9
45.475554500,-75.463305500,84.9
45.468985000,-75.460033200,86.9
45.462305500,-75.457254000,89.9
45.455534300,-75.454974900,88.1
45.448689500,-75.453201700,88.7
45.441789600,-75.451938700,88.6
45.434853200,-75.451189100,87.9
45.427898900,-75.450954500,81.9
45.420945500,-75.451235500,84.9
45.414011700,-75.452031000,71.9
45.407115900,-75.453338800,69.9
45.400276900,-75.455155500,67.9
45.393513000,-75.457476000,65.9
45.386842300,-75.460294200,66.9
45.380283000,-75.463602600,70.4
45.373852800,-75.467392600,64.9
45.367569000,-75.471654000,73.9
45.361448800,-75.476375500,79.9
45.355508800,-75.481544700,68.8
45.349765300,-75.487147900,75.9
45.344234200,-75.493170100,74.4
45.338930500,-75.499595300,77.4
45.333869000,-75.506406200,79.9
45.329063700,-75.513584700,80.7
45.324528100,-75.521111400,80.6
45.320274800,-75.528966000,80.9
45.316315700,-75.537127200,80.9
45.312662000,-75.545573000,81.9
45.309324000,-75.554280100,85.8
45.306311300,-75.563224900,94.5
45.303632400,-75.572382700,107.9
45.301294900,-75.581728600,114.9
45.299305500,-75.591236500,106.0
45.297670000,-75.600880500,103.2
45.296393000,-75.610633800,112.7
45.295478200,-75.620469300,108.9
45.294928300,-75.630359800,101.1
45.294744800,-75.640277800,97.9
45.294928300,-75.650195800,95.9
45.295478200,-75.660086200,93.9
45.296393000,-75.669921800,92.9
45.297670000,-75.679675000,93.0
45.299305500,-75.689319000,89.9
45.301294900,-75.698827000,75.7
45.303632400,-75.708172800,85.9
45.306311300,-75.717330700,89.9
45.309324000,-75.726275500,89.7
45.312662000,-75.734982600,90.9
45.316315700,-75.743428300,92.0
45.320274700,-75.751589500,90.6
45.324528100,-75.759444100,92.9
45.329063800,-75.766970900,90.5
45.333869000,-75.774149300,88.9
45.338930500,-75.780960300,83.0
45.344234200,-75.787385500,71.7
45.349765300,-75.793407600,71.8
45.355508800,-75.799010800,76.3
45.361448800,-75.804180100,60.9
45.367569000,-75.808901600,52.9
45.373852700,-75.813163000,52.9
45.380283000,-75.816952900,52.9
45.386842300,-75.820261400,69.9
45.393512900,-75.823079600,80.5
45.400276900,-75.825400100,95.2
45.407115900,-75.827216700,105.4
45.414011700,-75.828524600,111.9
45.420945500,-75.829320100,115.9
45.427898900,-75.829601000,118.9
45.434853200,-75.829366500,122.1
45.441789600,-75.828616900,118.3
45.448689500,-75.827353900,113.9
45.455534300,-75.825580700,109.8
45.462305600,-75.823301600,127.0
45.468985000,-75.820522400,176.7
45.475554500,-75.817250100,197.8
45.481996200,-75.813493100,176.9
45.488292600,-75.809261000,150.3
45.494426400,-75.804564900,113.2
45.500380800,-75.799416900,113.8
45.506139400,-75.793830500,116.0
45.511686200,-75.787820500,121.1
45.517005900,-75.781402700,98.9
45.522083700,-75.774594200,118.9
45.526905100,-75.767413400,147.3
45.531456800,-75.759879500,143.4
45.535725900,-75.752012900,147.6
45.539700200,-75.743835100,161.7
45.543368300,-75.735368300,178.5
45.546719900,-75.726635800,184.2
45.549745300,-75.717661800,172.6
45.552435700,-75.708470900,159.0
45.554783400,-75.699088900,179.0
45.556781700,-75.689541800,139.1
45.558424600,-75.679856200,126.5
45.559707400,-75.670059500,145.8
45.560626400,-75.660178900,140.7
45.561178800,-75.650242300,121.1
45.561363200,-75.640277800,119.0
45.578026400,-75.640277800,131.8
45.577819000,-75.629064300,114.4
45.577197300,-75.617882400,94.9
45.576163100,-75.606763700,172.9
45.574719500,-75.595739200,168.5
45.572870700,-75.584840000,179.6
45.570622100,-75.574096800,159.4
45.567980200,-75.563539400,131.5
45.564952600,-75.553197400,123.8
45.561548200,-75.543099500,132.5
45.557776700,-75.533273700,118.4
45.553649000,-75.523747100,105.3
45.549176900,-75.514545800,100.9
45.544373100,-75.505695100,81.0
45.539251300,-75.497219000,73.9
45.533826000,-75.489140400,63.7
45.528112400,-75.481481000,55.9
45.522126600,-75.474261500,48.9
45.515885300,-75.467501200,42.9
45.509405800,-75.461217700,75.2
45.502706000,-75.455427700,89.7
45.495804600,-75.450146300,94.6
45.488720200,-75.445387300,94.9
45.481472600,-75.441163100,89.8
45.474081200,-75.437484300,84.9
45.466566200,-75.434360500,86.9
45.458948000,-75.431799400,86.9
45.451247100,-75.429807600,89.9
45.443484500,-75.428389900,89.8
45.435680900,-75.427549800,86.7
45.427857300,-75.427289200,84.1
45.420034800,-75.427608500,80.8
45.412234300,-75.428506700,69.9
45.404477000,-75.429981200,67.9
45.396783500,-75.432027900,66.0
45.389174600,-75.434641400,64.9
45.381670700,-75.437814700,64.9
45.374292200,-75.441539200,64.9
45.367059000,-75.445805200,72.9
45.359990600,-75.450601300,77.1
45.353106400,-75.455914800,77.9
45.346425000,-75.461731600,71.3
45.339964600,-75.468036300,73.6
45.333743200,-75.474812100,76.9
45.327777600,-75.482041000,79.7
45.322084600,-75.489703400,77.4
45.316679800,-75.497779100,79.8
45.311578300,-75.506246100,80.8
45.306794400,-75.515081700,81.9
45.302341500,-75.524261900,80.9
45.298232100,-75.533761900,80.9
45.294477900,-75.543555600,87.4
45.291089500,-75.553616300,100.3
45.288076500,-75.563916700,106.0
45.285447500,-75.574428200,102.9
45.283210100,-75.585122000,107.9
45.281370600,-75.595968600,106.9
45.279934400,-75.606938000,106.5
45.278905600,-75.617999700,106.5
45.278287100,-75.629123300,110.0
45.278080800,-75.640277800,97.7
45.278287100,-75.651432300,88.5
45.278905600,-75.662555900,91.0
45.279934400,-75.673617600,91.3
45.281370600,-75.684587000,89.9
45.283210100,-75.695433600,78.9
45.285447500,-75.706127300,89.9
45.288076500,-75.716638900,88.6
45.291089500,-75.726939200,90.9
45.294477900,-75.737000000,93.0
45.298232100,-75.746793700,93.9
45.302341500,-75.756293600,92.9
45.306794400,-75.765473900,92.9
45.311578300,-75.774309400,94.9
45.316679800,-75.782776400,90.9
45.322084600,-75.790852100,94.3
45.327777600,-75.798514600,89.7
45.333743100,-75.805743400,85.0
45.339964700,-75.812519300,69.3
45.346424900,-75.818823900,64.8
45.353106400,-75.824640800,54.1
45.359990600,-75.829954300,52.9
45.367059000,-75.834750400,52.9
45.374292200,-75.839016400,52.9
45.381670700,-75.842740900,52.9
45.389174600,-75.845914200,65.7
45.396783500,-75.848527600,81.5
45.404477000,-75.850574400,96.7
45.412234300,-75.852048800,113.7
45.420034800,-75.852947000,134.3
45.427857300,-75.853266300,139.9
45.435680900,-75.853005700,135.9
45.443484500,-75.852165600,130.9
45.451247100,-75.850748000,118.9
45.458948000,-75.848756100,117.1
45.466566200,-75.846195100,115.1
45.474081200,-75.843071300,259.7
45.481472600,-75.839392500,251.1
45.488720300,-75.835168200,243.1
45.495804600,-75.830409200,180.6
45.502706000,-75.825127900,161.3
45.509405800,-75.819337800,158.0
45.515885300,-75.813054400,146.1
45.522126600,-75.806294000,157.6
45.528112400,-75.799074500,131.2
45.533826000,-75.791415200,98.9
45.539251300,-75.783336600,156.1
45.544373100,-75.774860400,144.9
45.549176900,-75.766009700,171.1
45.553649000,-75.756808500,188.6
45.557776700,-75.747281800,180.7
45.561548200,-75.737456100,158.6
45.564952600,-75.727358200,182.0
45.567980200,-75.717016200,171.5
45.570622100,-75.706458800,153.2
45.572870700,-75.695715500,199.0
45.574719500,-75.684816400,217.3
45.576163100,-75.673791900,138.5
45.577197300,-75.662673100,158.6
45.577819000,-75.651491200,142.8
45.578026400,-75.640277800,131.8
45.594689600,-75.640277800,113.2
45.594459000,-75.627814700,115.7
45.593768000,-75.615386800,120.8
45.592618600,-75.603029000,179.8
45.591014200,-75.590776200,182.6
45.588959400,-75.578662800,119.4
45.586460200,-75.566722700,128.5
45.583524000,-75.554989500,155.9
45.580159100,-75.543495800,147.6
45.576375400,-75.532273600,140.7
45.572183800,-75.521354100,140.7
45.567596300,-75.510767300,114.1
45.562626100,-75.500542400,118.1
45.557287400,-75.490707300,120.9
45.551595200,-75.481288800,113.0
45.545565800,-75.472312400,91.1
45.539216100,-75.463802300,63.6
45.532564000,-75.455781300,52.4
45.525628000,-75.448270700,48.3
45.518427300,-75.441290300,42.9
45.510982100,-75.434858700,81.5
45.503312700,-75.428992500,112.2
45.495440300,-75.423707100,98.7
45.487386300,-75.419016000,99.0
45.479172900,-75.414931400,92.4
45.470822300,-75.411463500,84.9
45.462357000,-75.408621100,87.4
45.453800100,-75.406411400,88.9
45.445174600,-75.404839700,89.9
45.436503700,-75.403909900,87.9
45.427810800,-75.403623900,94.9
45.419119200,-75.403982400,82.9
45.410452300,-75.404983900,73.9
45.401833300,-75.406625700,68.1
45.393285400,-75.408903300,70.0
45.384831600,-75.411810400,61.8
45.376494700,-75.415339200,64.9
45.368297200,-75.419480400,71.2
45.360261200,-75.424222900,76.5
45.352408500,-75.429554200,75.4
45.344760300,-75.435460100,76.1
45.337337600,-75.441924800,75.9
45.330160700,-75.448931400,74.9
45.323249200,-75.456460900,74.9
45.316622100,-75.464493500,76.9
45.310297700,-75.473007600,77.9
45.304293700,-75.481980300,76.6
45.298626600,-75.491387600,74.9
45.293312400,-75.501203900,80.8
45.288365900,-75.511402900,85.1
45.283801000,-75.521956600,83.7
45.279630700,-75.532836600,83.9
45.275866800,-75.544013000,85.9
45.272519900,-75.555455200,88.9
45.269599600,-75.567131900,105.9
45.267114300,-75.579010800,105.9
45.265071000,-75.591059400,103.9
45.263475700,-75.603244200,98.9
45.262332900,-75.615531600,99.9
45.261645900,-75.627887500,95.9
45.261416700,-75.640277800,94.2
45.261645900,-75.652668000,98.9
45.262332900,-75.665024000,95.9
45.263475700,-75.677311400,99.0
45.265071000,-75.689496100,93.9
45.267114300,-75.701544700,86.6
45.269599600,-75.713423700,98.3
45.272519900,-75.725100300,99.7
45.275866800,-75.736542500,99.9
45.279630700,-75.747718900,98.9
45.283801000,-75.758598900,95.9
45.288365900,-75.769152600,95.9
45.293312400,-75.779351600,107.7
45.298626600,-75.789168000,96.9
45.304293700,-75.798575200,98.9
45.310297700,-75.807548000,99.9
45.316622000,-75.816062000,97.7
45.323249200,-75.824094600,91.8
45.330160700,-75.831624200,82.6
45.337337700,-75.838630700,68.9
45.344760300,-75.845095500,66.7
45.352408500,-75.851001400,65.9
45.360261200,-75.856332600,64.1
45.368297200,-75.861075200,52.9
45.376494800,-75.865216400,52.9
45.384831600,-75.868745200,52.9
45.393285400,-75.871652300,52.9
45.401833300,-75.873929800,52.9
45.410452300,-75.875571600,88.5
45.419119200,-75.876573200,117.3
45.427810800,-75.876931600,128.9
45.436503700,-75.876645700,138.9
45.445174600,-75.875715800,132.9
45.453800100,-75.874144100,113.3
45.462357000,-75.871934400,111.9
45.470822300,-75.869092100,111.5
45.479172900,-75.865624200,109.9
45.487386300,-75.861539500,254.4
45.495440300,-75.856848400,319.8
45.503312700,-75.851563000,350.6
45.510982100,-75.845696900,306.8
45.518427300,-75.839265300,183.3
45.525628000,-75.832284900,171.1
45.532564000,-75.824774300,174.8
45.539216100,-75.816753300,148.4
45.545565800,-75.808243100,98.9
45.551595200,-75.799266800,108.0
45.557287300,-75.789848300,151.9
45.562626100,-75.780013200,179.0
45.567596300,-75.769788300,205.6
45.572183800,-75.759201500,195.8
45.576375400,-75.748282000,218.7
45.580159100,-75.737059800,195.4
45.583524000,-75.725566100,224.6
45.586460200,-75.713832900,215.3
45.588959400,-75.701892800,204.8
45.591014200,-75.689779300,170.0
45.592618700,-75.677526500,155.9
45.593768000,-75.665168800,146.4
45.594459000,-75.652740900,137.3
45.594689600,-75.640277800,113.2
45.611352700,-75.640277800,159.0
45.611099000,-75.626564300,152.8
45.610338700,-75.612889600,168.0
45.609074000,-75.599292200,117.4
45.607308600,-75.585810300,190.3
45.605047700,-75.572482000,159.1
45.602297900,-75.559344500,132.9
45.599067100,-75.546434800,126.0
45.595364800,-75.533788900,131.9
45.591201600,-75.521442000,139.0
45.586589600,-75.509428300,161.6
45.581542200,-75.497781100,160.2
45.576073600,-75.486532200,133.1
45.570199600,-75.475712600,128.9
45.563936900,-75.465351700,129.8
45.557303100,-75.455477500,126.3
45.550317100,-75.446116600,92.4
45.542998300,-75.437294100,62.0
45.535367300,-75.429033500,49.3
45.527445400,-75.421356700,47.9
45.519254400,-75.414283700,52.3
45.510816900,-75.407833100,95.1
45.502156200,-75.402021700,101.0
45.493295800,-75.396864400,97.1
45.484260200,-75.392374400,92.9
45.475073700,-75.388563100,87.1
45.465761300,-75.385440100,89.9
45.456348200,-75.383013100,85.9
45.446859800,-75.381288200,93.9
45.437321700,-75.380269300,104.1
45.427759400,-75.379958700,85.9
45.418198700,-75.380357000,83.7
45.408665400,-75.381462600,68.1
45.399184800,-75.383272500,64.3
45.389782700,-75.385781500,63.9
45.380484200,-75.388982800,64.8
45.371314400,-75.392867800,70.9
45.362297900,-75.397426200,73.9
45.353459300,-75.402645800,76.9
45.344822400,-75.408512700,74.7
45.336410600,-75.415011300,74.9
45.328246900,-75.422124400,74.9
45.320353500,-75.429833000,74.9
45.312752200,-75.438116500,74.9
45.305463800,-75.446953000,73.9
45.298508400,-75.456318700,74.9
45.291905300,-75.466188400,74.5
45.285672900,-75.476535800,76.9
45.279828600,-75.487332800,85.8
45.274388800,-75.498550100,96.7
45.269368700,-75.510157500,105.0
45.264782500,-75.522123300,90.8
45.260643200,-75.534414800,88.9
45.256962700,-75.546998400,89.6
45.253751200,-75.559839700,99.4
45.251018100,-75.572903200,100.8
45.248771200,-75.586153000,103.2
45.247016800,-75.599552600,102.2
45.245760100,-75.613064800,97.7
45.245004600,-75.626652500,99.8
45.244752500,-75.640277800,100.0
45.245004600,-75.653903100,93.7
45.245760100,-75.667490700,95.5
45.247016800,-75.681003000,95.1
45.248771200,-75.694402600,90.9
45.251018100,-75.707652400,88.2
45.253751200,-75.720715900,98.4
45.256962700,-75.733557100,90.9
45.260643300,-75.746140800,89.8
45.264782500,-75.758432300,94.9
45.269368700,-75.770398100,97.9
45.274388800,-75.782005400,99.7
45.279828600,-75.793222800,109.6
45.285672900,-75.804019800,117.9
45.291905300,-75.814367100,112.2
45.298508400,-75.824236900,108.7
45.305463800,-75.833602600,102.9
45.312752200,-75.842439000,100.9
45.320353600,-75.850722600,96.9
45.328246900,-75.858431200,93.7
45.336410600,-75.865544200,95.2
45.344822400,-75.872042900,68.9
45.353459300,-75.877909800,66.9
45.362297900,-75.883129300,63.9
45.371314400,-75.887687700,52.9
45.380484100,-75.891572800,52.9
45.389782700,-75.894774100,58.4
45.399184800,-75.897283100,52.9
45.408665400,-75.899092900,52.9
45.418198700,-75.900198600,52.9
45.427759400,-75.900596800,97.1
45.437321700,-75.900286300,125.0
45.446859800,-75.899267400,123.4
45.456348200,-75.897542400,107.9
45.465761300,-75.895115500,101.6
45.475073700,-75.891992500,101.3
45.484260200,-75.888181200,102.9
45.493295800,-75.883691200,202.1
45.502156100,-75.878533900,319.6
45.510816900,-75.872722500,290.6
45.519254400,-75.866271900,255.9
45.527445400,-75.859198900,175.2
45.535367400,-75.851522000,199.2
45.542998300,-75.843261500,222.8
45.550317100,-75.834438900,192.6
45.557303100,-75.825078100,98.3
45.563936900,-75.815203800,150.4
45.570199600,-75.804843000,148.6
45.576073600,-75.794023300,163.9
45.581542200,-75.782774400,159.8
45.586589700,-75.771127200,178.6
45.591201600,-75.759113500,217.2
45.595364800,-75.746766600,200.3
45.599067100,-75.734120700,239.9
45.602297900,-75.721211000,190.9
45.605047700,-75.708073600,202.9
45.607308600,-75.694745300,170.0
45.609074000,-75.681263300,214.8
45.610338700,-75.667665900,177.7
45.611099000,-75.653991200,172.2
45.611352700,-75.640277800,159.0
45.628015800,-75.640277800,146.6
45.627739000,-75.625313300,175.3
45.626909300,-75.610391100,233.2
45.625529200,-75.595553100,232.9
45.623602800,-75.580841600,222.0
45.621135700,-75.566297600,230.1
45.618135000,-75.551962200,169.6
45.614609500,-75.537875500,221.1
45.610569500,-75.524076800,185.6
45.606026700,-75.510604700,174.5
45.600994200,-75.497496500,197.0
45.595486500,-75.484788400,182.1
45.589519400,-75.472515500,156.6
45.583109900,-75.460711100,160.7
45.576276300,-75.449407600,140.0
45.569038000,-75.438635600,127.0
45.561415300,-75.428424000,109.9
45.553429700,-75.418800100,84.6
45.545103500,-75.409789700,54.0
45.536459900,-75.401416600,48.9
45.527522900,-75.393702600,45.9
45.518317200,-75.386668100,52.7
45.508867900,-75.380331100,87.3
45.499201100,-75.374708100,102.7
45.489343000,-75.369813300,85.9
45.479320600,-75.365659200,86.9
45.469161000,-75.362256200,84.9
45.458891600,-75.359612700,81.0
45.448540200,-75.357735200,85.5
45.438134700,-75.356628000,82.9
45.427703100,-75.356293500,81.9
45.417273400,-75.356732300,80.9
45.406873600,-75.357942800,66.7
45.396531600,-75.359921300,65.8
45.386275300,-75.362662500,76.9
45.376132100,-75.366158700,73.5
45.366129500,-75.370400600,66.6
45.356294400,-75.375376800,73.9
45.346653300,-75.381073900,70.5
45.337232400,-75.387476800,72.9
45.328057200,-75.394568600,74.9
45.319152700,-75.402330200,76.9
45.310543200,-75.410741200,76.9
45.302252300,-75.419778900,72.9
45.294302800,-75.429419300,73.9
45.286716600,-75.439636600,74.9
45.279514800,-75.450403400,75.9
45.272717300,-75.461690700,87.1
45.266343100,-75.473468100,89.9
45.260410200,-75.485703700,85.9
45.254935100,-75.498364300,87.3
45.249933300,-75.511415500,91.6
45.245418900,-75.524821700,93.6
45.241404800,-75.538546200,91.9
45.237902300,-75.552551400,91.9
45.234921600,-75.566798900,99.0
45.232471000,-75.581249400,98.9
45.230557700,-75.595863100,94.5
45.229187100,-75.610599500,100.9
45.228363200,-75.625418100,99.2
45.228088300,-75.640277800,94.0
45.228363200,-75.655137500,91.9
45.229187100,-75.669956100,94.5
45.230557700,-75.684692500,92.5
45.232471000,-75.699306100,86.5
45.234921600,-75.713756700,94.9
45.237902300,-75.728004100,99.9
45.241404800,-75.742009400,104.0
45.245418900,-75.755733800,94.1
45.249933200,-75.769140000,89.9
45.254935100,-75.782191300,96.2
45.260410200,-75.794851800,107.6
45.266343200,-75.807087500,115.9
45.272717300,-75.818864900,122.4
45.279514800,-75.830152200,127.3
45.286716600,-75.840918900,114.9
45.294302800,-75.851136200,118.1
45.302252300,-75.860776700,116.8
45.310543200,-75.869814400,114.4
45.319152700,-75.878225300,97.9
45.328057200,-75.885987000,89.8
45.337232400,-75.893078700,77.6
45.346653300,-75.899481600,72.9
45.356294400,-75.905178800,68.8
45.366129500,-75.910154900,64.9
45.376132200,-75.914396800,62.9
45.386275300,-75.917893100,63.9
45.396531600,-75.920634200,70.9
45.406873600,-75.922612800,74.2
45.417273400,-75.923823200,52.9
45.427703100,-75.924262000,52.9
45.438134700,-75.923927600,52.9
45.448540200,-75.922820400,111.8
45.458891600,-75.920942800,110.8
45.469161000,-75.918299300,99.8
45.479320600,-75.914896300,89.3
45.489343000,-75.910742200,99.8
45.499201100,-75.905847500,285.5
45.508867900,-75.900224400,348.8
45.518317200,-75.893887400,348.8
45.527522900,-75.886852900,276.8
45.536460000,-75.879139000,162.9
45.545103500,-75.870765900,198.5
45.553429700,-75.861755400,239.9
45.561415300,-75.852131600,224.9
45.569038000,-75.841920000,97.9
45.576276300,-75.831148000,244.4
45.583109900,-75.819844400,229.8
45.589519400,-75.808040100,244.8
45.595486500,-75.795767200,182.6
45.600994200,-75.783059100,215.8
45.606026700,-75.769950900,253.6
45.610569600,-75.756478700,205.5
45.614609500,-75.742680100,245.3
45.618135000,-75.728593400,210.9
45.621135700,-75.714257900,243.6
45.623602800,-75.699714000,231.7
45.625529200,-75.685002400,220.0
45.626909300,-75.670164500,187.9
45.627739000,-75.655242300,226.2
45.628015800,-75.640277800,146.6
45.644678800,-75.640277800,144.9
45.644378800,-75.624061400,157.0
45.643479800,-75.607891000,197.9
45.641984300,-75.591812100,237.0
45.639896700,-75.575870000,234.3
45.637223200,-75.560109800,182.1
45.633971600,-75.544575800,229.9
45.630151300,-75.529311500,241.7
45.625773400,-75.514359500,244.6
45.620850800,-75.499761700,216.9
45.615397500,-75.485558600,186.7
45.609429300,-75.471789400,187.8
45.602963400,-75.458491900,159.1
45.596018200,-75.445702700,139.9
45.588613500,-75.433456500,159.2
45.580770300,-75.421786600,121.8
45.572510700,-75.410724300,111.2
45.563858100,-75.400299300,78.7
45.554836400,-75.390539300,58.9
45.545471000,-75.381470200,50.9
45.535787800,-75.373115600,44.1
45.525813500,-75.365497400,45.9
45.515575500,-75.358635400,64.8
45.505102000,-75.352547200,73.9
45.494421400,-75.347248200,64.2
45.483562900,-75.342752000,69.6
45.472555900,-75.339069600,73.0
45.461430200,-75.336210200,79.9
45.450215800,-75.334180800,84.5
45.438942900,-75.332986000,84.9
45.427641900,-75.332628400,83.9
45.416343100,-75.333108500,76.4
45.405076900,-75.334424500,79.3
45.393873600,-75.336572400,63.0
45.382763100,-75.339546400,69.9
45.371775500,-75.343338200,79.9
45.360940300,-75.347937400,79.9
45.350286600,-75.353331900,74.9
45.339843300,-75.359507100,74.9
45.329638600,-75.366446600,77.9
45.319700200,-75.374131900,86.1
45.310055100,-75.382542400,83.3
45.300729600,-75.391655900,77.9
45.291749400,-75.401448000,78.9
45.283139100,-75.411892500,74.3
45.274922400,-75.422961500,72.9
45.267122100,-75.434625200,80.8
45.259759700,-75.446852400,90.5
45.252856000,-75.459610000,91.9
45.246430100,-75.472863600,85.0
45.240500200,-75.486577000,84.9
45.235083000,-75.500713300,94.4
45.230193700,-75.515233700,94.2
45.225846200,-75.530098600,94.8
45.222052900,-75.545267300,85.9
45.218824700,-75.560698100,88.9
45.216170700,-75.576348600,94.3
45.214098500,-75.592175700,90.7
45.212614100,-75.608135700,94.9
45.211721800,-75.624184500,93.7
45.211424000,-75.640277800,93.7
45.211721800,-75.656371100,88.0
45.212614100,-75.672419900,88.9
45.214098500,-75.688379900,87.1
45.216170700,-75.704207000,87.3
45.218824700,-75.719857500,98.9
45.222052900,-75.735288300,96.9
45.225846200,-75.750457000,99.9
45.230193700,-75.765321900,105.0
45.235083000,-75.779842300,101.1
45.240500200,-75.793978500,102.7
45.246430100,-75.807692000,92.0
45.252856000,-75.820945600,94.1
45.259759700,-75.833703100,94.8
45.267122000,-75.845930300,96.9
45.274922400,-75.857594100,96.9
45.283139100,-75.868663100,99.3
45.291749400,-75.879107600,102.9
45.300729600,-75.888899600,123.3
45.310055100,-75.898013100,98.9
45.319700200,-75.906423700,97.9
45.329638500,-75.914108900,91.7
45.339843300,-75.921048400,88.1
45.350286600,-75.927223600,83.5
45.360940300,-75.932618100,74.7
45.371775600,-75.937217400,73.9
45.382763100,-75.941009200,67.3
45.393873600,-75.943983100,69.9
45.405076900,-75.946131100,71.7
45.416343100,-75.947447100,107.8
45.427641900,-75.947927100,103.5
45.438942900,-75.947569600,52.9
45.450215800,-75.946374800,52.9
45.461430200,-75.944345300,58.9
45.472555900,-75.941486000,108.6
45.483562900,-75.937803600,83.7
45.494421400,-75.933307300,93.9
45.505101900,-75.928008400,100.3
45.515575500,-75.921920100,309.2
45.525813500,-75.915058100,356.1
45.535787800,-75.907440000,286.6
45.545471100,-75.899085400,201.9
45.554836400,-75.890016200,223.6
45.563858000,-75.880256300,128.5
45.572510700,-75.869831300,157.8
45.580770300,-75.858768900,97.9
45.588613500,-75.847099000,249.9
45.596018200,-75.834852900,212.8
45.602963400,-75.822063700,235.9
45.609429300,-75.808766200,191.9
45.615397500,-75.794996900,169.2
45.620850800,-75.780793900,283.5
45.625773500,-75.766196000,233.6
45.630151300,-75.751244100,217.5
45.633971600,-75.735979800,263.4
45.637223200,-75.720445800,273.5
45.639896700,-75.704685600,274.0
45.641984300,-75.688743500,257.9
45.643479800,-75.672664600,143.9
45.644378800,-75.656494100,143.9
45.644678800,-75.640277800,144.9
45.661341800,-75.640277800,145.9
45.661018700,-75.622808900,212.2
45.660050200,-75.605389500,173.0
45.658439200,-75.588068700,237.4
45.656190400,-75.570895600,247.9
45.653310400,-75.553918400,212.7
45.649807600,-75.537185100,264.5
45.645692400,-75.520742600,259.9
45.640976500,-75.504636900,252.6
45.635673800,-75.488913100,203.9
45.629799500,-75.473614500,171.9
45.623370600,-75.458783900,164.2
45.616405600,-75.444461700,135.7
45.608924500,-75.430687400,154.5
45.600948400,-75.417498500,141.7
45.592500100,-75.404930700,139.2
45.583603400,-75.393017800,119.7
45.574283400,-75.381791700,89.8
45.564566100,-75.371282200,60.8
45.554478700,-75.361517400,49.8
45.544049000,-75.352522500,45.9
45.533305900,-75.344321200,45.9
45.522279100,-75.336934600,54.6
45.510998500,-75.330381600,89.6
45.499495300,-75.324679100,84.2
45.487800600,-75.319841300,69.9
45.475946200,-75.315880200,68.3
45.463963900,-75.312805600,81.0
45.451886500,-75.310625000,84.1
45.439746200,-75.309343300,88.1
45.427575800,-75.308963300,84.9
45.415408000,-75.309485400,81.9
45.403275500,-75.310907600,67.5
45.391210800,-75.313225700,67.9
45.379246400,-75.316433200,69.9
45.367414500,-75.320521100,75.8
45.355746700,-75.325478400,75.9
45.344274600,-75.331291800,74.9
45.333029200,-75.337945500,73.9
45.322040800,-75.345422000,73.9
45.311339400,-75.353701200,73.9
45.300954000,-75.362760900,78.9
45.290912900,-75.372577300,84.5
45.281243600,-75.383123900,78.1
45.271972700,-75.394372500,76.9
45.263125700,-75.406293200,72.9
45.254727100,-75.418853900,74.1
45.246800200,-75.432020800,81.0
45.239367100,-75.445758400,80.1
45.232448600,-75.460029700,84.4
45.226064100,-75.474795700,79.9
45.220231600,-75.490016600,85.4
45.214967600,-75.505650900,83.8
45.210287000,-75.521655600,83.9
45.206203000,-75.537987200,87.8
45.202727400,-75.554600700,84.9
45.199870000,-75.571450600,88.9
45.197639100,-75.588490400,93.9
45.196041000,-75.605673200,92.9
45.195080300,-75.622951600,89.9
45.194759700,-75.640277800,87.7
45.195080300,-75.657604000,91.4
45.196041000,-75.674882300,88.9
45.197639100,-75.692065200,94.2
45.199870000,-75.709105000,92.9
45.202727400,-75.725954800,96.2
45.206203000,-75.742568400,94.8
45.210287000,-75.758900000,93.9
45.214967600,-75.774904700,94.9
45.220231600,-75.790538900,93.5
45.226064100,-75.805759800,92.4
45.232448600,-75.820525900,94.5
45.239367100,-75.834797100,94.9
45.246800200,-75.848534700,95.6
45.254727100,-75.861701700,98.0
45.263125700,-75.874262300,103.4
45.271972700,-75.886183000,104.9
45.281243600,-75.897431600,101.4
45.290912900,-75.907978300,97.9
45.300954000,-75.917794600,96.7
45.311339400,-75.926854400,98.0
45.322040900,-75.935133600,102.1
45.333029200,-75.942610000,107.1
45.344274600,-75.949263800,107.8
45.355746700,-75.955077200,96.8
45.367414500,-75.960034500,91.9
45.379246400,-75.964122400,91.9
45.391210800,-75.967329800,73.0
45.403275500,-75.969647900,62.3
45.415408000,-75.971070100,71.8
45.427575800,-75.971592200,119.1
45.439746200,-75.971212200,104.7
45.451886500,-75.969930500,96.1
45.463963900,-75.967749900,58.9
45.475946200,-75.964675300,58.9
45.487800600,-75.960714300,67.9
45.499495300,-75.955876500,97.4
45.510998500,-75.950173900,105.2
45.522279100,-75.943621000,132.5
45.533305900,-75.936234400,335.8
45.544049000,-75.928033000,378.4
45.554478600,-75.919038200,167.2
45.564566100,-75.909273300,191.3
45.574283400,-75.898763900,191.0
45.583603400,-75.887537800,140.3
45.592500100,-75.875624900,118.8
45.600948400,-75.863057100,199.5
45.608924400,-75.849868100,256.3
45.616405600,-75.836093900,330.8
45.623370600,-75.821771700,220.5
45.629799500,-75.806941000,219.0
45.635673800,-75.791642500,207.9
45.640976500,-75.775918600,259.9
45.645692400,-75.759813000,261.1
45.649807700,-75.743370500,178.9
45.653310400,-75.726637100,168.9
45.656190400,-75.709660000,160.4
45.658439200,-75.692486900,171.5
45.660050200,-75.675166100,175.5
45.661018700,-75.657746600,152.9
45.661341800,-75.640277800,145.9
45.678004800,-75.640277800,199.9
45.677658400,-75.621555600,152.9
45.676620400,-75.602886400,282.5
45.674893900,-75.584323100,231.7
45.672483800,-75.565918100,236.9
45.669397200,-75.547723500,230.6
45.665643200,-75.529790300,288.0
45.661232800,-75.512169100,270.1
45.656178700,-75.494909200,237.3
45.650495700,-75.478058700,238.9
45.644200200,-75.461664400,151.9
45.637310400,-75.445771900,135.1
45.629846200,-75.430424900,201.5
45.621828700,-75.415665300,199.9
45.613281100,-75.401533500,145.6
45.604227400,-75.388067700,139.2
45.594693400,-75.375304200,169.7
45.584705700,-75.363277100,105.6
45.574292500,-75.352018500,80.5
45.563482700,-75.341558200,52.9
45.552306400,-75.331923400,45.9
45.540794400,-75.323139300,45.9
45.528978400,-75.315228500,54.4
45.516890900,-75.308211500,91.9
45.504564800,-75.302105900,85.5
45.492033700,-75.296927100,83.9
45.479331600,-75.292688000,71.5
45.466493000,-75.289399000,74.9
45.453552300,-75.287067900,92.3
45.440544600,-75.285700000,80.9
45.427504800,-75.285298300,79.8
45.414468100,-75.285863100,79.3
45.401469200,-75.287392300,55.2
45.388543300,-75.289881200,63.9
45.375725000,-75.293322800,68.5
45.363048700,-75.297707500,74.9
45.350548600,-75.303023500,73.4
45.338258300,-75.309256300,73.9
45.326211000,-75.316389100,71.9
45.314439300,-75.324403000,70.9
45.302975000,-75.333276500,70.9
45.291849500,-75.342985800,69.9
45.281093000,-75.353505200,73.9
45.270734900,-75.364806500,73.0
45.260803600,-75.376859500,71.2
45.251326600,-75.389631800,68.2
45.242330000,-75.403089400,69.4
45.233838800,-75.417195900,74.9
45.225876600,-75.431913400,75.9
45.218465600,-75.447202100,83.9
45.211626800,-75.463020400,80.2
45.205379300,-75.479325500,87.9
45.199740700,-75.496073000,85.8
45.194727100,-75.513217200,84.9
45.190352600,-75.530711100,82.9
45.186629800,-75.548506700,84.9
45.183569100,-75.566555300,94.9
45.181179500,-75.584807300,92.2
45.179467700,-75.603212200,93.9
45.178438700,-75.621719400,89.9
45.178095400,-75.640277800,84.9
45.178438700,-75.658836100,89.5
45.179467700,-75.677343400,99.9
45.181179500,-75.695748300,89.9
45.183569100,-75.714000200,89.9
45.186629700,-75.732048800,94.9
45.190352600,-75.749844500,94.9
45.194727100,-75.767338400,92.6
45.199740700,-75.784482600,93.9
45.205379300,-75.801230000,93.9
45.211626800,-75.817535200,93.9
45.218465600,-75.833353500,93.9
45.225876500,-75.848642100,93.9
45.233838800,-75.863359600,96.9
45.242330000,-75.877466100,99.9
45.251326600,-75.890923700,103.6
45.260803600,-75.903696100,108.9
45.270734900,-75.915749100,109.8
45.281093000,-75.927050400,110.1
45.291849500,-75.937569700,101.3
45.302975000,-75.947279100,102.5
45.314439300,-75.956152600,100.1
45.326211000,-75.964166400,96.7
45.338258300,-75.971299300,117.1
45.350548600,-75.977532100,111.8
45.363048700,-75.982848000,98.9
45.375725000,-75.987232800,94.9
45.388543300,-75.990674400,88.3
45.401469200,-75.993163300,69.7
45.414468100,-75.994692500,61.1
45.427504800,-75.995257200,59.6
45.440544600,-75.994855500,84.6
45.453552300,-75.993487700,95.9
45.466493000,-75.991156600,84.9
45.479331600,-75.987867500,58.9
45.492033700,-75.983628500,62.8
45.504564800,-75.978449700,71.1
45.516890900,-75.972344100,83.8
45.528978400,-75.965327000,284.8
45.540794400,-75.957416300,401.3
45.552306400,-75.948632200,383.1
45.563482700,-75.938997400,179.3
45.574292500,-75.928537000,215.0
45.584705700,-75.917278400,239.0
45.594693400,-75.905251300,137.7
45.604227400,-75.892487900,101.1
45.613281100,-75.879022100,138.8
45.621828700,-75.864890300,151.4
45.629846200,-75.850130700,260.7
45.637310400,-75.834783600,260.0
45.644200200,-75.818891100,251.2
45.650495700,-75.802496900,306.2
45.656178700,-75.785646400,248.2
45.661232800,-75.768386400,257.9
45.665643200,-75.750765200,252.4
45.669397200,-75.732832100,174.3
45.672483800,-75.714637500,299.2
45.674893900,-75.696232400,207.7
45.676620400,-75.677669100,310.7
45.677658400,-75.659000000,152.9
45.678004800,-75.640277800,199.9
45.694667600,-75.640277800,152.9
45.694298100,-75.620301600,302.6
45.693190600,-75.600382000,287.8
45.691348400,-75.580575400,233.9
45.688776900,-75.560938000,262.5
45.685483600,-75.541525000,202.9
45.681478200,-75.522391400,224.5
45.676772500,-75.503590900,144.9
45.671380000,-75.485176100,182.0
45.665316500,-75.467198600,160.3
45.658599600,-75.449708200,137.1
45.651248700,-75.432753600,197.1
45.643284900,-75.416381300,233.0
45.634731000,-75.400636300,202.4
45.625611500,-75.385561400,156.8
45.615952200,-75.371197700,133.4
45.605780500,-75.357583700,111.6
45.595125000,-75.344755800,96.6
45.584015700,-75.332748300,94.3
45.572483300,-75.321592600,54.2
45.560560000,-75.311318200,45.9
45.548278900,-75.301951700,46.0
45.535673600,-75.293517400,59.0
45.522778900,-75.286036700,86.9
45.509629800,-75.279528600,82.6
45.496262200,-75.274009500,85.5
45.482712400,-75.269493000,82.9
45.469017200,-75.265990200,65.9
45.455213400,-75.263509300,64.9
45.441338200,-75.262056000,67.9
45.427429000,-75.261633400,77.0
45.413523200,-75.262241600,76.1
45.399658200,-75.263878400,59.3
45.385871000,-75.266538800,64.1
45.372198900,-75.270215300,70.9
45.358678500,-75.274897500,74.9
45.345346100,-75.280572600,71.9
45.332237800,-75.287225400,74.9
45.319388700,-75.294837900,69.9
45.306833800,-75.303389600,71.9
45.294607000,-75.312857700,69.9
45.282741600,-75.323217000,68.0
45.271269800,-75.334439700,70.9
45.260223100,-75.346495900,68.0
45.249631800,-75.359353200,72.9
45.239525000,-75.372977400,75.1
45.229930600,-75.387331800,71.7
45.220875300,-75.402377800,74.5
45.212384200,-75.418075000,73.9
45.204481200,-75.434380700,85.9
45.197188200,-75.451251000,79.9
45.190525900,-75.468639900,83.7
45.184513000,-75.486500200,93.9
45.179166500,-75.504783300,82.0
45.174501700,-75.523438900,80.9
45.170531700,-75.542416200,83.9
45.167268000,-75.561662900,89.1
45.164719800,-75.581126300,95.8
45.162894400,-75.600752600,89.9
45.161797100,-75.620487900,86.8
45.161431000,-75.640277800,88.8
45.161797100,-75.660067700,87.9
45.162894400,-75.679803000,95.0
45.164719800,-75.699429300,89.1
45.167268000,-75.718892600,91.8
45.170531700,-75.738139300,93.7
45.174501700,-75.757116600,88.9
45.179166500,-75.775772300,96.5
45.184513000,-75.794055300,91.9
45.190525900,-75.811915700,94.4
45.197188200,-75.829304600,89.9
45.204481200,-75.846174800,94.9
45.212384300,-75.862480600,94.9
45.220875300,-75.878177700,98.9
45.229930600,-75.893223700,102.9
45.239525000,-75.907578200,117.9
45.249631800,-75.921202300,122.0
45.260223100,-75.934059700,118.0
45.271269900,-75.946115900,123.7
45.282741600,-75.957338600,117.5
45.294607100,-75.967697800,110.1
45.306833800,-75.977166000,110.9
45.319388700,-75.985717700,107.9
45.332237700,-75.993330100,93.0
45.345346100,-75.999982900,120.5
45.358678500,-76.005658100,107.5
45.372198900,-76.010340300,93.9
45.385871000,-76.014016700,89.9
45.399658100,-76.016677100,69.9
45.413523200,-76.018314000,61.9
45.427429000,-76.018922200,61.9
45.441338200,-76.018499500,62.9
45.455213400,-76.017046200,75.3
45.469017200,-76.014565300,88.8
45.482712400,-76.011062500,60.9
45.496262200,-76.006546000,61.6
45.509629800,-76.001026900,57.7
45.522778900,-75.994518900,79.9
45.535673700,-75.987038200,243.1
45.548278900,-75.978603800,372.7
45.560560100,-75.969237300,399.9
45.572483300,-75.958962900,172.9
45.584015600,-75.947807300,196.2
45.595125000,-75.935799800,251.7
45.605780500,-75.922971900,203.4
45.615952200,-75.909357900,107.3
45.625611500,-75.894994100,189.2
45.634731000,-75.879919300,155.7
45.643284900,-75.864174200,169.6
45.651248700,-75.847802000,215.5
45.658599600,-75.830847400,265.3
45.665316500,-75.813357000,308.3
45.671380000,-75.795379500,308.1
45.676772500,-75.776964700,284.6
45.681478200,-75.758164200,265.4
45.685483600,-75.739030500,216.0
45.688776900,-75.719617600,183.4
45.691348400,-75.699980200,283.4
45.693190600,-75.680173600,297.5
45.694298100,-75.660254000,176.3
45.694667600,-75.640277800,152.9
45.711330500,-75.640277800,219.8
45.710937700,-75.619046800,277.1
45.709760700,-75.597876000,184.7
45.707802800,-75.576825500,295.1
45.705069700,-75.555954800,177.6
45.701569700,-75.535323000,139.7
45.697312800,-75.514988300,138.9
45.692311500,-75.495007900,134.2
45.686580500,-75.475437800,143.2
45.680136300,-75.456332700,157.5
45.672997800,-75.437745900,226.5
45.665185500,-75.419728800,218.2
45.656721900,-75.402331000,172.8
45.647631300,-75.385600300,168.6
45.637939700,-75.369582500,221.8
45.627674500,-75.354320700,182.7
45.616865000,-75.339856200,128.8
45.605541300,-75.326227600,96.4
45.593735600,-75.313471300,82.8
45.581480400,-75.301620700,62.3
45.568810100,-75.290707100,45.9
45.555759600,-75.280758700,43.9
45.542364900,-75.271801100,56.8
45.528662600,-75.263857300,50.9
45.514690400,-75.256947400,67.5
45.500486200,-75.251088500,84.3
45.486088500,-75.246295300,84.8
45.471536600,-75.242579300,80.9
45.456869500,-75.239949400,81.9
45.442126700,-75.238411400,64.9
45.427348200,-75.237968500,64.9
45.412573400,-75.238620900,64.9
45.397842200,-75.240366100,59.0
45.383194000,-75.243198700,81.9
45.368668100,-75.247110600,72.6
45.354303700,-75.252090900,70.7
45.340139300,-75.258125900,69.9
45.326212900,-75.265199200,69.9
45.312562500,-75.273291800,68.1
45.299224500,-75.282381800,69.9
45.286235400,-75.292445000,68.9
45.273630200,-75.303454500,66.9
45.261443500,-75.315380700,64.9
45.249708500,-75.328191900,69.9
45.238457300,-75.341853900,70.9
45.227721000,-75.356329900,69.8
45.217529100,-75.371581000,70.3
45.207910000,-75.387566400,74.9
45.198890300,-75.404243000,77.0
45.190495200,-75.421565600,78.0
45.182748400,-75.439487500,75.4
45.175671500,-75.457959900,74.9
45.169284400,-75.476932700,83.9
45.163605300,-75.496354100,88.8
45.158650300,-75.516170900,85.8
45.154433400,-75.536329100,79.9
45.150966600,-75.556773300,84.9
45.148259900,-75.577447300,91.9
45.146321000,-75.598294500,93.1
45.145155400,-75.619257100,89.9
45.144766500,-75.640277800,84.9
45.145155400,-75.661298400,90.1
45.146321000,-75.682261100,89.9
45.148259900,-75.703108200,87.7
45.150966600,-75.723782300,100.8
45.154433300,-75.744226500,97.5
45.158650300,-75.764384600,93.9
45.163605300,-75.784201500,94.9
45.169284400,-75.803622800,98.9
45.175671400,-75.822595600,94.9
45.182748400,-75.841068100,94.9
45.190495200,-75.858989900,94.9
45.198890300,-75.876312600,97.2
45.207910000,-75.892989100,99.9
45.217529100,-75.908974600,113.0
45.227721000,-75.924225700,123.2
45.238457300,-75.938701700,127.9
45.249708500,-75.952363600,128.0
45.261443500,-75.965174800,131.9
45.273630300,-75.977101100,129.9
45.286235400,-75.988110600,124.9
45.299224500,-75.998173800,116.0
45.312562400,-76.007263800,118.9
45.326212900,-76.015356300,109.0
45.340139300,-76.022429600,92.9
45.354303700,-76.028464600,120.2
45.368668100,-76.033444900,109.9
45.383194000,-76.037356800,109.7
45.397842200,-76.040189500,98.0
45.412573400,-76.041934700,65.9
45.427348200,-76.042587100,67.9
45.442126700,-76.042144200,61.9
45.456869500,-76.040606200,63.0
45.471536600,-76.037976200,71.9
45.486088500,-76.034260200,65.5
45.500486200,-76.029467000,67.8
45.514690400,-76.023608200,55.9
45.528662600,-76.016698200,71.2
45.542364900,-76.008754400,238.2
45.555759600,-75.999796900,379.9
45.568810100,-75.989848500,384.5
45.581480400,-75.978934800,208.0
45.593735500,-75.967084300,243.8
45.605541300,-75.954328000,260.4
45.616865000,-75.940699400,155.4
45.627674500,-75.926234800,151.1
45.637939700,-75.910973100,186.2
45.647631300,-75.894955200,197.2
45.656721900,-75.878224500,196.7
45.665185500,-75.860826800,283.7
45.672997800,-75.842809700,279.1
45.680136300,-75.824222800,282.0
45.686580400,-75.805117800,321.2
45.692311500,-75.785547700,321.1
45.697312800,-75.765567200,337.1
45.701569700,-75.745232600,329.5
45.705069800,-75.724600700,226.5
45.707802800,-75.703730100,182.0
45.709760700,-75.682679500,200.7
45.710937700,-75.661508800,202.0
45.711330500,-75.640277800,219.8
45.727993300,-75.640277800,199.8
45.727577300,-75.617791300,263.7
45.726330600,-75.595368500,140.6
45.724257000,-75.573073300,210.6
45.721362400,-75.550968800,174.4
45.717655300,-75.529117400,232.3
45.713146800,-75.507581000,246.8
45.707849800,-75.486420100,147.8
45.701780100,-75.465694200,158.3
45.694955000,-75.445461100,222.3
45.687394700,-75.425777500,272.7
45.679120800,-75.406697500,223.1
45.670157200,-75.388274000,219.3
45.660529600,-75.370557600,194.9
45.650265600,-75.353596400,165.5
45.639394300,-75.337436700,165.2
45.627946600,-75.322121700,151.3
45.615954700,-75.307692600,111.8
45.603452200,-75.294187700,82.0
45.590474100,-75.281642500,56.8
45.577056400,-75.270089900,49.9
45.563236300,-75.259559900,49.8
45.549051800,-75.250079600,45.0
45.534542000,-75.241673300,47.9
45.519746500,-75.234362000,50.3
45.504705500,-75.228164100,78.9
45.489460000,-75.223094800,84.9
45.474051200,-75.219166400,82.9
45.458520700,-75.216388100,78.7
45.442910500,-75.214766100,64.6
45.427262600,-75.214303600,59.9
45.411618800,-75.215000900,51.1
45.396021400,-75.216855200,76.1
45.380512100,-75.219860800,78.9
45.365132700,-75.224008900,75.9
45.349924300,-75.229287900,69.9
45.334927900,-75.235683300,61.7
45.320183900,-75.243177700,69.9
45.305732100,-75.251750800,68.9
45.291611300,-75.261379700,65.9
45.277860100,-75.272038300,67.5
45.264515500,-75.283698200,66.1
45.251614000,-75.296328300,66.7
45.239190900,-75.309894800,66.9
45.227280200,-75.324361300,69.1
45.215914600,-75.339689100,84.1
45.205125400,-75.355837100,74.9
45.194942700,-75.372761700,72.7
45.185394600,-75.390417500,73.9
45.176507900,-75.408756800,77.9
45.168307300,-75.427730000,71.6
45.160816000,-75.447285400,71.5
45.154055000,-75.467370200,78.5
45.148043400,-75.487929300,84.9
45.142798300,-75.508906800,79.8
45.138334600,-75.530245400,84.9
45.134664900,-75.551886400,87.8
45.131799800,-75.573770500,89.9
45.129747500,-75.595837700,89.9
45.128513700,-75.618027100,90.9
45.128102000,-75.640277800,86.7
45.128513700,-75.662528400,84.9
45.129747500,-75.684717800,95.2
45.131799800,-75.706785000,88.9
45.134665000,-75.728669200,89.9
45.138334600,-75.750310200,90.1
45.142798300,-75.771648700,96.9
45.148043400,-75.792626200,100.9
45.154055000,-75.813185400,103.6
45.160816000,-75.833270100,95.9
45.168307300,-75.852825600,99.1
45.176507900,-75.871798700,98.9
45.185394600,-75.890138000,100.9
45.194942700,-75.907793800,107.5
45.205125400,-75.924718500,117.6
45.215914500,-75.940866400,126.7
45.227280200,-75.956194300,129.9
45.239190900,-75.970660700,134.9
45.251614000,-75.984227200,138.2
45.264515500,-75.996857300,137.5
45.277860100,-76.008517300,126.9
45.291611300,-76.019175900,119.9
45.305732100,-76.028804700,112.9
45.320183900,-76.037377800,109.9
45.334927900,-76.044872200,109.9
45.349924300,-76.051267700,89.9
45.365132700,-76.056546700,131.5
45.380512100,-76.060694800,121.9
45.396021400,-76.063700300,109.9
45.411618800,-76.065554600,106.8
45.427262600,-76.066251900,67.9
45.442910500,-76.065789500,67.9
45.458520700,-76.064167500,65.9
45.474051200,-76.061389200,65.8
45.489460000,-76.057460700,60.9
45.504705500,-76.052391500,59.1
45.519746500,-76.046193500,59.7
45.534542000,-76.038882300,67.3
45.549051800,-76.030475900,125.5
45.563236300,-76.020995600,386.4
45.577056300,-76.010465700,325.7
45.590474000,-75.998913100,307.2
45.603452200,-75.986367900,221.2
45.615954700,-75.972862900,240.9
45.627946600,-75.958433800,175.2
45.639394400,-75.943118800,151.3
45.650265600,-75.926959100,113.1
45.660529600,-75.909998000,116.3
45.670157200,-75.892281500,149.3
45.679120800,-75.873858100,245.8
45.687394700,-75.854778100,237.2
45.694955100,-75.835094400,256.9
45.701780000,-75.814861400,316.1
45.707849800,-75.794135400,329.8
45.713146700,-75.772974600,309.1
45.717655300,-75.751438100,322.5
45.721362300,-75.729586800,256.4
45.724257000,-75.707482200,179.1
45.726330700,-75.685187000,274.7
45.727577300,-75.662764300,247.1
45.727993300,-75.640277800,199.8
45.744656000,-75.640277800,171.8
45.744216800,-75.616535000,216.5
45.742900500,-75.592859600,140.8
45.740711000,-75.569319100,241.1
45.737654700,-75.545980000,204.3
45.733740600,-75.522908300,244.4
45.728980200,-75.500169500,227.5
45.723387500,-75.477827700,140.2
45.716978800,-75.455945300,248.3
45.709772700,-75.434583900,239.6
45.701790300,-75.413802800,290.2
45.693054500,-75.393659800,226.9
45.683590700,-75.374210300,269.0
45.673425900,-75.355507900,179.1
45.662589300,-75.337603500,208.3
45.651111600,-75.320545600,190.5
45.639025500,-75.304380300,124.4
45.626365000,-75.289150700,142.7
45.613165600,-75.274897400,88.2
45.599464200,-75.261657800,69.4
45.585298900,-75.249466700,45.9
45.570709000,-75.238355600,74.3
45.555734700,-75.228353000,74.6
45.540417100,-75.219484600,80.5
45.524798100,-75.211772600,54.9
45.508920300,-75.205236300,55.9
45.492826700,-75.199891600,64.1
45.476561000,-75.195751400,83.4
45.460167200,-75.192825400,83.6
45.443689400,-75.191120100,77.3
45.427172000,-75.190638900,59.9
45.410659300,-75.191381800,79.9
45.394195800,-75.193345900,77.9
45.377825500,-75.196525100,74.9
45.361592500,-75.200910000,69.9
45.345540400,-75.206488400,68.9
45.329712200,-75.213244800,68.9
45.314150700,-75.221160900,65.0
45.298897600,-75.230215100,66.9
45.283994300,-75.240383100,64.9
45.269481100,-75.251637600,67.8
45.255397300,-75.263948300,66.1
45.241781300,-75.277282600,65.9
45.228670300,-75.291604400,69.9
45.216100300,-75.306875700,70.9
45.204105600,-75.323055300,66.2
45.192719500,-75.340099900,73.8
45.181973400,-75.357963800,84.9
45.171897200,-75.376598700,73.9
45.162519000,-75.395954200,72.9
45.153865000,-75.415978300,84.0
45.145959500,-75.436616500,78.9
45.138824700,-75.457812700,72.9
45.132480900,-75.479509200,76.9
45.126945900,-75.501646900,74.8
45.122235500,-75.524165100,79.9
45.118363000,-75.547002300,88.9
45.115339600,-75.570095800,93.9
45.113173800,-75.593382400,93.9
45.111871900,-75.616797700,91.9
45.111437500,-75.640277800,88.9
45.111871900,-75.663757800,89.9
45.113173800,-75.687173200,88.9
45.115339600,-75.710459700,90.9
45.118363000,-75.733553200,92.2
45.122235500,-75.756390400,94.9
45.126945900,-75.778908700,94.9
45.132480900,-75.801046300,95.9
45.138824700,-75.822742800,98.9
45.145959500,-75.843939100,97.9
45.153865000,-75.864577200,97.9
45.162519000,-75.884601300,104.2
45.171897200,-75.903956900,104.0
45.181973400,-75.922591700,109.9
45.192719500,-75.940455700,118.9
45.204105600,-75.957500200,128.3
45.216100300,-75.973679900,138.3
45.228670400,-75.988951100,144.1
45.241781300,-76.003273000,132.1
45.255397300,-76.016607200,136.8
45.269481100,-76.028918000,139.4
45.283994300,-76.040172500,131.9
45.298897600,-76.050340500,140.3
45.314150700,-76.059394700,112.9
45.329712300,-76.067310700,110.9
45.345540500,-76.074067200,100.5
45.361592500,-76.079645500,87.9
45.377825500,-76.084030500,120.2
45.394195800,-76.087209700,120.4
45.410659300,-76.089173800,116.8
45.427172000,-76.089916700,92.9
45.443689400,-76.089435400,75.4
45.460167200,-76.087730200,71.6
45.476561000,-76.084804200,74.4
45.492826700,-76.080664000,64.7
45.508920200,-76.075319300,58.9
45.524798100,-76.068782900,59.9
45.540417100,-76.061070900,69.9
45.555734700,-76.052202500,107.5
45.570709000,-76.042200000,329.6
45.585298900,-76.031088900,384.5
45.599464200,-76.018897700,217.9
45.613165500,-76.005658200,171.8
45.626364900,-75.991404800,242.6
45.639025500,-75.976175200,150.6
45.651111700,-75.960009900,233.2
45.662589300,-75.942952100,147.6
45.673425900,-75.925047700,135.8
45.683590700,-75.906345200,140.8
45.693054500,-75.886895700,128.4
45.701790300,-75.866752700,303.0
45.709772700,-75.845971600,362.6
45.716978800,-75.824610200,369.6
45.723387500,-75.802727900,380.3
45.728980200,-75.780386000,264.9
45.733740600,-75.757647200,285.8
45.737654700,-75.734575600,243.6
45.740711000,-75.711236500,176.3
45.742900500,-75.687695900,251.2
45.744216800,-75.664020600,216.3
45.744656000,-75.640277800,171.8
45.761318700,-75.640277800,169.9
45.760856300,-75.615278000,203.8
45.759470300,-75.590349300,160.9
45.757164800,-75.565562500,208.1
45.753946800,-75.540988100,153.2
45.749825500,-75.516695700,229.2
45.744813200,-75.492753900,239.7
45.738924500,-75.469230400,152.5
45.732176600,-75.446191300,320.8
45.724589300,-75.423700800,299.9
45.716184500,-75.401822000,297.3
45.706986800,-75.380615600,339.4
45.697022400,-75.360139900,207.1
45.686320200,-75.340451300,201.7
45.674910700,-75.321603400,235.7
45.662826400,-75.303647500,166.6
45.650101600,-75.286631800,143.2
45.636772200,-75.270602000,139.4
45.622875600,-75.255600400,101.6
45.608450700,-75.241666800,77.6
45.593537700,-75.228837400,49.9
45.578177800,-75.217145600,48.7
45.562413400,-75.206621300,66.7
45.546287800,-75.197291300,90.9
45.529845200,-75.189179200,69.9
45.513130400,-75.182305000,55.9
45.496188700,-75.176685500,49.5
45.479066100,-75.172334300,48.9
45.461808800,-75.169261400,58.7
45.444463400,-75.167473500,71.0
45.427076600,-75.166974200,54.9
45.409695000,-75.167763500,74.9
45.392365400,-75.169838100,75.9
45.375134300,-75.173191500,74.9
45.358047800,-75.177814000,61.5
45.341152000,-75.183692400,72.9
45.324492200,-75.190810400,69.9
45.308113200,-75.199148700,68.9
45.292059100,-75.208684500,62.9
45.276373400,-75.219392100,63.9
45.261098500,-75.231242800,64.9
45.246275700,-75.244204800,65.9
45.231945500,-75.258243300,67.9
45.218146900,-75.273320800,69.9
45.204917700,-75.289396800,69.0
45.192294300,-75.306428400,72.0
45.180311400,-75.324369600,69.1
45.169002200,-75.343172500,64.9
45.158398200,-75.362786200,66.7
45.148528700,-75.383158000,74.9
45.139421500,-75.404232700,74.9
45.131102000,-75.425953100,79.9
45.123593700,-75.448260300,74.9
45.116917700,-75.471093700,74.9
45.111093000,-75.494390800,75.9
45.106136000,-75.518088200,79.9
45.102060900,-75.542120900,86.9
45.098879200,-75.566423300,95.8
45.096600100,-75.590928400,91.9
45.095230000,-75.615569200,89.9
45.094772900,-75.640277800,86.9
45.095230000,-75.664986400,86.9
45.096600100,-75.689627200,90.9
45.098879200,-75.714132300,89.9
45.102060900,-75.738434600,96.4
45.106136000,-75.762467300,93.9
45.111093000,-75.786164700,99.9
45.116917700,-75.809461900,100.9
45.123593700,-75.832295300,99.4
45.131102000,-75.854602500,97.9
45.139421500,-75.876322900,98.7
45.148528700,-75.897397600,107.3
45.158398100,-75.917769300,116.8
45.169002300,-75.937383100,116.1
45.180311400,-75.956185900,124.9
45.192294300,-75.974127200,134.9
45.204917700,-75.991158700,136.9
45.218146900,-76.007234800,137.4
45.231945500,-76.022312300,145.9
45.246275700,-76.036350800,158.7
45.261098400,-76.049312700,158.5
45.276373400,-76.061163400,146.2
45.292059200,-76.071871100,130.9
45.308113200,-76.081406900,140.5
45.324492200,-76.089745100,116.0
45.341152000,-76.096863200,102.7
45.358047800,-76.102741600,99.0
45.375134300,-76.107364000,96.9
45.392365400,-76.110717500,130.0
45.409695000,-76.112792100,130.6
45.427076600,-76.113581300,109.9
45.444463400,-76.113082000,83.4
45.461808800,-76.111294200,80.9
45.479066100,-76.108221300,91.9
45.496188600,-76.103870000,61.0
45.513130300,-76.098250600,58.9
45.529845200,-76.091376400,58.9
45.546287800,-76.083264200,71.9
45.562413400,-76.073934300,92.9
45.578177800,-76.063410000,192.9
45.593537700,-76.051718200,337.6
45.608450700,-76.038888800,328.8
45.622875600,-76.024955100,179.9
45.636772200,-76.009953600,153.9
45.650101600,-75.993923700,163.1
45.662826400,-75.976908000,215.4
45.674910700,-75.958952100,230.7
45.686320200,-75.940104200,157.9
45.697022400,-75.920415700,100.1
45.706986800,-75.899940000,146.6
45.716184600,-75.878733500,152.9
45.724589300,-75.856854700,337.3
45.732176600,-75.834364300,374.0
45.738924500,-75.811325200,338.3
45.744813200,-75.787801600,283.0
45.749825500,-75.763859900,287.2
45.753946800,-75.739567400,188.7
45.757164800,-75.714993100,282.2
45.759470300,-75.690206300,319.8
45.760856300,-75.665277600,179.9
45.761318700,-75.640277800,169.9